% Data collected at the edge of a turbulent plume of dye 
% released from a point-source in uniformly shear flow. 
% 
% This is PlumeData2.txt, acquired at a position y = 18.5 mm 
% above the centreline of the plume. The data consists of 
% 1000 independent samples of the concentration and velocity
% at this point.
%
% C, concentration normalised by the source concentration (unitless)
% U, streamwise velocity (mm/s)
% V, vertical velocity in the direction of the shear (mm/s)
% W, spanwise velocity (mm/s)
%
% Details of the experiment are provided by Vanderwel & Tavoularis (2014). 
% Measurements of turbulent diffusion in uniformly sheared flow. 
% Journal of fluid mechanics, 754, 488-514.
% 
C,U,V,W
0.0221182873728737,165.483426342694,14.0709514474867,3.12457088010221
0,151.370375486306,4.44243337024388,8.06065920590622
0,195.90118336087,9.50325911302466,-9.23194593554182
0,177.272080966377,12.5795923751456,6.1688228121459
0,177.330110790657,-11.6197158677227,-4.73608977216072
0,169.661823213409,-2.14978127672614,4.21409484285613
0,181.208523298554,-6.12721983594646,-2.42068667444445
0,190.199776874318,7.31380099335473,-1.92372556990621
0,177.307214247309,2.58814572836737,7.86566528327201
0,175.264878552399,-8.28796677799991,3.74933223246992
0,188.753689865889,9.49606230336198,-3.57721492878528
0,179.314554721984,-9.15918058588607,11.2325086511857
0,169.992421585893,3.48865607658135,0.463289492736261
0,165.405258655787,1.4717862039707,5.45411826508575
0,183.334422447072,8.83678716697518,0.568739736310134
0,179.70839882656,-10.8142859733299,-2.42919626549704
0,177.289072565039,18.3699527285923,-5.62657150294341
0,189.289858083421,3.65617761256834,-3.3142602630149
0,185.566909520348,-5.98666763387816,-0.487785166775847
0,190.497267278302,1.63453626572952,-5.63742976106577
0,186.057435377999,-3.22127636235949,0.583081394861308
0,166.611492434823,7.20700937167409,0.041031768865663
0,173.541166681054,-0.444788125852,-1.27132813367224
0,200.404811969441,-11.4490663148994,0.25631590626297
0,191.141943604235,12.839366589563,-2.22900628523469
0,176.108570006788,-0.500711277677318,7.37926874864295
0,181.955709058923,1.91815245279985,-1.15178969594208
0,187.124158189113,-4.08829512688843,9.49636819013626
0,173.807975944941,-5.07334450684171,-3.39542979910097
0,174.853845257704,3.68944966359042,-0.00107425016690219
0,199.767110875251,-6.91371211113,0.171850434494173
0,188.936845746723,4.04358105994374,-3.86247484908189
0,171.04449349714,21.3011900856232,7.79997475272015
0,184.846792522933,-8.21492323386212,16.3398747495255
0,194.884880569729,-1.47085552500502,14.2127070100249
0,172.158177211124,-2.83639660209061,9.42274131679297
0,189.742996090955,-4.03451065668082,-13.9505952138658
0,179.112098208991,8.90674578381982,7.48698866820731
0,174.511001281354,-2.0896386225751,3.3181170950189
0,189.002836226806,2.82956144475981,-7.2492130979404
0,184.245591383916,4.51357776589677,-2.26100133232385
0,172.546154369371,-8.12075548771331,-0.0198955439369737
0,182.161238372389,-11.7881535995125,2.86762216265862
0,176.182333684112,-4.55737709166323,-8.10254910928304
0,169.347560334622,17.0910239364427,2.83319455030432
0,194.193654989794,20.481327559269,2.23084968609741
0,180.238714030493,-10.9243099193161,-1.02246838080654
0,168.85809209791,-1.56010252844474,6.09022289392784
0,185.081975754244,1.95957161194706,0.267774236616901
0,176.7077167013,-6.82959892321794,3.85814450089781
0,172.618351247773,-0.892544160879607,1.22094175065508
0,165.798603715274,-12.0818941989607,-0.0610390096658735
0,166.450065281165,-13.645506880063,-0.993846788769741
0,161.454071694462,7.95011030865922,-0.0671743886594561
0,172.560156763945,7.68727235247073,-7.08265135691279
0,169.052912207747,7.20564264795505,12.3718582366973
0,174.885243300137,-6.31035443732882,7.49141559554891
0,175.195197165234,-8.81544487517502,12.8490865692972
0,198.018897663278,-2.37903283338697,-2.43065645132088
0,173.634784499939,12.7093454738255,2.70611650627475
0,177.89852821382,5.31888310187302,11.3775093129979
0,177.943536001138,0.617890467675408,5.85014991726542
0,157.598078217226,4.14155467552139,16.7213141321147
0,177.004144417898,-6.35318324089789,8.41692843720162
0,182.271379143532,-7.92107758478928,13.1939201554558
0,183.025631331701,-0.594258853407556,-14.5004236032683
0,177.639901262819,-3.0340068872514,4.41010711156397
0,178.289666835373,13.6406335116077,1.18792101015373
0,176.387419683413,-11.2456953476952,4.681468821063
0,178.274696749306,-11.5167682251513,0.155594160939332
0,180.030475434169,-0.100073739747903,8.51982385182291
0,180.502530290456,3.1771126036522,3.73111247050373
0,189.639790019974,3.47133523798772,2.31758067322524
0,174.895966436498,2.03944334705019,4.74461001314347
0,173.331680472007,-1.25696367858068,11.7985942022557
0,181.708984459963,-9.64522232075154,4.21853524773999
0.00130965277401954,178.344145079881,5.32910848944233,2.83180373127292
0,189.955149784668,-2.34177576094902,6.12440611697908
0,190.658451242475,-6.30380513166851,-9.34373880400285
0,183.059524599581,-7.88998125821688,5.16713597030163
0,177.836661822089,2.01519458417321,1.23319171623071
0.0027490484765142,163.802729878146,-3.06398750932949,19.6535919316598
0,182.924584834012,2.76962415985416,1.47561316236401
0,187.960851612745,3.49079164362018,-2.44650776530174
0,179.021910375137,-10.9651032583866,10.2010944280066
0,186.427905426539,-1.55688886872935,3.66291399890932
0,179.463214427672,-8.76362576361039,7.38307648088187
0,175.165061934867,10.1004361765523,1.288689199563
0,187.787821027454,7.24600634336265,-3.42672728442373
0,188.916844678182,1.75113172328434,-1.52481723924178
0,181.751484355715,-8.72769253809954,-0.0216095444375872
0,167.633559576729,2.6521582356391,5.01009687483217
0,167.392377671451,0.848585597011194,-0.689378226476992
0,185.310889256641,-4.49162636241212,-10.4065325849978
0,187.400195987316,2.80434671219042,1.43442868945633
0,185.451827696176,4.40223157109153,0.964783055172867
0,191.788441318083,-15.7898363400371,-2.14436436601688
0,178.846789880208,-4.52299680223027,2.49706383473211
0,166.673709678051,-3.46629616107216,12.3409877381211
0,167.606554144371,10.0975673615133,2.0600948888337
0,183.838255329363,-5.30488666433292,4.10621061997913
0,194.901972230732,0.491303260496291,0.954176239303829
0.0180356490401261,190.590222659162,4.96938991770377,-8.1355483866499
0,190.060747218919,-4.79570388054486,-5.59884591266071
0.00248677280080429,175.181538022486,0.805567566695393,-0.308927152458036
0,177.368491664505,9.98503115854166,-2.34246126021613
0.00827687190308164,171.068723782821,5.67068839701033,6.43796426477828
0,184.930529502372,-10.3792041084694,3.50227200114672
0,174.83502087162,13.1688817120089,3.06270340482466
0,168.631425565026,6.662777051771,1.40389127270254
0,164.700605723081,3.54436301874457,3.13802309693466
0,189.38898693069,-10.4411808327343,-1.01888582346708
0,196.545763424298,15.2894576667288,-14.9625145778667
0.00223866111086338,173.668643569297,1.44087537543255,-9.50907246583762
0,177.586129787752,-9.98534561782941,2.38909975361364
0,178.123638080676,-12.1686571142328,2.81384839927975
0,185.715661688706,4.57941437242436,-6.70626207472082
0,166.938228907619,10.7566103006643,1.25289409412188
0,164.659336974097,3.639943534408,0.278314752032279
0,185.944584057386,-4.9569370347787,-0.28716495407392
0,182.042084390953,-6.06422726790864,2.92861835927286
0,169.448400374571,-3.10394393211209,-8.89917508615638
0,180.889254769532,0.459393368319018,5.1144524950681
0,194.767022332269,-1.49351356434289,-4.02226393710743
0,194.568160463853,5.65923677574131,-10.8969582615634
0,186.486500159728,-1.21827905041848,15.9770046890488
0,180.284794638092,11.3741732551567,2.63031732425207
0,175.163362141695,7.17109785173517,-10.9306430579882
0,159.831426586596,-7.0728389392482,10.3328639431479
0,195.053380484247,-4.13147357038558,-5.5372192866049
0,183.479956154587,-5.80470942365654,0.290130013372748
0,169.564893204402,-7.35697529933546,-0.422254562675087
0.00131335440208188,191.283216429312,2.51450729719048,-1.12222557148075
0.00138270043505803,184.38780783486,1.1800940462268,-5.87140530761463
0,176.394792631293,-9.60782713813928,3.8036605467413
0.0170192054132475,177.151097997354,-6.90394266426371,6.12904278733529
0,173.083795656545,0.0478644721359058,-1.62078157541922
0,171.541604470068,5.97890227379806,6.45392570720061
0,173.034618182846,9.53880218248814,7.23934838800553
0,177.7582192804,-16.9800056011596,-3.89057412450955
0,188.07752683469,2.11933518961725,-1.84531491616111
0,178.702236530305,16.5168273194067,-3.46884171949866
0,177.768412972985,17.4191467555464,-4.744799367912
0,173.708916761326,-5.77453128681117,3.59443794634801
0,186.272126095351,13.5878690226894,0.799260596886884
0,165.117500897657,0.185310602903398,2.43371200379361
0,188.022573610719,-3.84046079778513,1.13502800713065
0,165.332045954641,-4.01328793353896,11.9583371579008
0,170.126500055368,-0.750215614782304,1.77040844443327
0,184.826101150906,3.26757548030209,-8.86752063397624
0,176.172575706021,-15.441386260246,23.5455544953557
0,174.643716876422,13.5391108470074,11.2650293867434
0,184.315604623399,-9.51204577295692,5.95584726542615
0,165.310370425165,5.15499795917902,-0.847189345402183
0.0106855135555249,172.387834214708,-3.04869199058836,11.5980715483564
0,180.548480437028,3.97433106792882,14.350456991587
0,183.542026470834,-11.7901270204371,0.0815813148313431
0,177.812024953988,-5.0728005984578,7.7471708602973
0,163.899561091425,2.02880871519633,7.30671535857264
0,178.818590032827,8.11910449868096,2.61737421304398
0,185.576659898768,8.57383519151816,-0.216244017704566
0,181.383186546586,14.9354619642155,7.48735056297662
0,174.216251825526,-4.52767616569497,2.83405062162344
0,184.983548609968,-1.56335665727622,-2.02326746624334
0,187.653831220813,-14.3591029635918,9.9529824931979
0,192.590180053061,11.3669687270778,-5.45674276410948
0,190.207270150329,-14.0780036259028,6.50028581547491
0,173.327843904556,-8.20434791506874,8.18464026509107
0,171.872589159182,12.7182154778105,-5.46408470968438
0,181.420984778959,-0.0400404125104886,-5.02482724470151
0,159.038464205485,2.86889820982953,9.32020709436721
0,180.665790231536,-4.3087853880151,-2.88493316769305
0.00127705127211592,164.193494849188,10.7651661057343,-6.5155768639666
0,172.690411332089,13.0546175847734,9.50326071608035
0,182.099983754207,11.9877760287934,-1.1629497664055
0,195.590792514666,17.9416105489536,-16.9329361654818
0,189.548492634093,-19.1995103774222,-2.95441256489327
0,175.258264305048,-5.81405656925075,9.12059159187016
0,170.148317445377,-1.44475991086112,19.7451070164608
0,177.548815401126,8.41400908570841,7.01084677196616
0.00132349536860603,182.983196033155,6.81338830953784,-2.15844049496811
0,157.575171540982,-1.59545710527688,3.46740571186119
0.00214453878597767,176.917757686361,-0.488092610839565,4.58395866051191
0.00407281320982566,169.519658693553,4.94066560393651,1.97145262949388
0,178.717480204543,-7.3916536810555,-7.71944417162458
0,173.310265864583,-7.11112780066812,-2.39205122698458
0,182.419391610539,6.02447350055647,-0.326173827461421
0,170.743408448579,7.53172581865914,-5.43267021119179
0,183.655359103969,8.61429519890733,7.293179631321
0,176.884403995151,23.9949474481491,13.3579291391494
0,163.850108762944,0.529289748010876,10.8776464673867
0,169.861604642065,11.2211875156811,12.4476492846967
0,189.363315240665,2.13838264906426,2.05277157754426
0,192.486157017404,-12.1525017960786,1.03380226159342
0,176.806034916952,-14.1828450511755,15.8143845848871
0,161.128923552991,0.0199956359634301,8.54080862262298
0,173.62960405726,-5.72571801351137,-0.911119301490595
0,174.442433246051,0.805652199624634,2.96412828960319
0,167.691256282079,5.42443618491722,9.33844503914097
0,182.447528127325,5.31494959903042,-7.34764811895874
0,182.483107255646,-13.3992809303761,-6.6510630290871
0,175.20836106273,10.3289955322826,5.60183282101484
0,189.766596870521,-12.9679143981689,0.438513983587333
0,177.615308726134,-4.13400430054697,-4.70859402246116
0,192.922807537812,-8.00897291047398,2.79443513761519
0,183.879544344137,2.03134535044094,0.300258609033322
0,175.041554608324,8.41701804009827,2.50273390454754
0,155.742776768793,-0.688070815818404,7.64994331623756
0,178.244211934054,-9.94639777373676,2.67808699840345
0,191.583991157957,-3.27977465492599,-4.50713791517189
0,194.512163551675,-5.48220100529084,-8.44099042182626
0,187.56101390065,9.83547657175388,1.29219644297133
0,174.41025117085,6.67225989800829,9.27086294245867
0,179.714325303648,32.3452559783159,2.53633227697469
0.00209535569966458,180.356948451689,16.7362853264673,17.1714898510634
0,171.623370601387,-7.10335173375929,8.13609136733955
0,185.654166414262,7.61275323569474,-7.94729700529888
0,175.774326325251,1.63172448131392,4.56826095909498
0,179.228718966624,2.90486434993287,-2.23110295343458
0,176.784892631087,6.17748625448909,17.5566342317918
0,175.901582823023,6.5914535022757,-4.05564941235946
0,186.240108679698,2.89042517092374,-13.1060301930808
0,160.074176557408,9.55404505272439,1.83871287974037
0,179.921095896778,6.58081034058232,-0.623226208847343
0,181.193625409365,-2.99376636799585,2.43143332970992
0,181.692806026141,-12.3256749543713,7.77313404917732
0,183.47329124276,10.7512657525815,-1.82921241982627
0,189.646608191841,5.68752386101732,6.10175703793088
0,177.258616881861,1.44819430429429,1.71867600054064
0,189.858229908555,7.48969859921428,-1.24680406082392
0,192.228949938344,-2.69409080800436,-3.86255674345767
0,172.278545873375,12.1024267893119,3.42299783473758
0,164.615345009524,-8.96815207877715,13.2558272370938
0,178.149846814148,0.0435196172873853,-6.35019655024268
0,173.792552411813,12.0620739989503,1.51082259771778
0,185.316240691926,-3.33011367111095,5.8792639318914
0,174.34680024763,-4.29916572295391,-3.56234292597726
0,159.056339899255,0.71982953835997,4.84034301453153
0,163.98992245111,-0.0941237808622524,4.71310519928503
0.00435378330990845,177.939318183505,-3.35542503478873,-1.98047365344652
0,171.063410345893,-19.4959818712939,8.41331423930313
0.0117027504249719,167.329244667818,-2.29734294616667,12.4170990014419
0,179.376275453346,-2.82220450517175,1.67844512373927
0,188.956959543723,-7.72335576603945,-1.20452210148187
0,205.590779608845,-3.33553750118249,-16.2559488865869
0.00168417969380225,181.930231160518,15.5035243402295,-0.489303563559358
0,172.821866648315,-2.18014806700319,3.59159680721204
0,185.651102480072,6.5290142333616,-12.5631038094209
0,183.147989841249,-6.73881845352909,4.7534446410538
0,180.720139281629,-9.25672905031486,9.52762583655655
0.00302822021892922,178.417248852404,-2.33772993535878,6.81704941165832
0,179.481931151745,3.76017130340104,1.31647712100484
0,190.331784433334,-6.98187931819079,1.6172115407154
0,174.178005212539,10.570022851536,4.20107068827713
0,163.912538796971,-5.05697673433174,7.62948547577944
0,191.731664172974,-3.89194776016933,-4.65064415305731
0,174.579431255959,-5.61320180080496,2.1572137170211
0,170.16977891744,-1.94033761544822,-0.341870896809328
0,178.131524006376,16.290151286934,8.92412805309069
0,162.798511831161,7.36451012739095,10.5675614287946
0,169.285824403918,-10.3323164600488,12.2615088704065
0,170.190874338665,3.63174936930057,-3.12923987380042
0,179.845571628911,10.1497946403094,-2.31092911524776
0,179.210386025957,5.86853880408056,-1.63735122347797
0,189.178582428014,4.78153797923816,-1.41846277678457
0.00480885684773191,178.169600893368,-2.742277870359,1.26940037262239
0,171.938560640086,12.3462293937778,0.174682771666965
0,171.242122952175,-1.11155400007824,7.86524323433276
0,178.366724970254,-6.71709575590288,-3.13263424031841
0,179.653340473801,-5.09633419316818,10.4432142198161
0,205.395412322667,-8.90929552259129,0.0321162410678043
0,174.538238503689,-8.36440365953351,-4.58877139858094
0,174.274262650627,3.07034934220369,12.6420791989046
0.00133879727363352,182.482641142466,10.2388094202287,1.97486422886052
0,180.26477330376,-7.39622238852993,-4.11743716035504
0,174.565893707953,-3.1271012738198,-0.834062378797148
0,201.415745592729,0.711062666764826,5.33155550447332
0,181.326178878111,11.8853655088316,1.30798597746192
0,169.954712016354,3.46817670124704,4.72655600934644
0,182.993726644507,-3.98241889453508,2.91496924609731
0,187.032117302047,-8.8589034773922,-0.454436348628225
0,165.210224488539,-12.0211894090889,8.75436360470618
0,176.340634839597,22.8816813994389,-4.74441201226438
0,168.421245252656,2.20827484671038,13.5644765710952
0,193.785914886043,-5.17354453175438,-4.02622744776716
0,171.895853019982,0.558909284269049,5.56307230004029
0,173.174566131874,6.04370472139407,5.72285411494279
0.0180938208441617,180.907827099847,13.8064573522484,-2.3376375617486
0,170.679336885527,-18.4728232265826,1.67659012855364
0,181.447933213781,-4.80616980068293,0.0307114521977132
0,170.66926858752,-2.60288949847113,11.842411572294
0,173.288942453217,-8.89812904284281,9.59519004234574
0,159.556384345347,-6.86276431970434,7.09900936265755
0.0341128540008011,170.064243547172,-3.69464850491981,8.70331045689835
0,159.724143291903,12.5764994968942,10.6854864404516
0,192.530616361768,-5.5739676560378,2.061080101379
0,194.416104971656,-7.84840588525102,-5.34937474000719
0,182.317862533716,8.99355637020781,14.1567604456702
0,182.667859067476,0.66473285420211,-2.32082033497391
0,176.565074668757,-0.76843698119572,-2.43954491518474
0,174.772619969667,11.7845265969593,6.64771068340849
0,189.916407926428,-1.3633325017451,-4.56027437439221
0,173.175654151497,-7.1023553777505,5.20935637032617
0,181.504026388464,-2.10581475076709,6.68485566069313
0,182.131565455366,0.13512043588156,10.3815181873862
0,175.286095568366,-8.95521361840963,0.911024038422014
0,168.478086994973,5.2160717239828,-3.42448605424515
0,187.236307806733,7.89728847586623,-0.512457919328467
0,189.020656189652,-1.54795285063905,-4.84557821838376
0,193.325039146402,-1.08179301889409,3.09943659470554
0.00868876233902485,181.579080743316,8.88863390651191,-2.81453122183967
0,184.783480927022,2.85404042919304,-3.78916131870092
0,190.483229418594,-6.92818665013369,9.35526247866688
0,171.697691587948,10.956238983223,-2.40183004789217
0,179.273597559528,-5.54223178446134,-5.98836147001625
0,189.891806523459,0.36333310113313,3.51754325264282
0,178.476772012117,6.83485884579306,1.49040630188265
0.00136769254155022,186.19171777199,1.10097417392765,-2.46839199135242
0,180.39517859872,5.20854316590361,6.23307783477827
0,166.641423740674,-9.20693454613354,6.79065640594575
0.00170840046002928,159.550531331749,17.7785271419072,9.63611546034097
0,178.077562539525,-6.06154553385959,5.01281218399202
0,181.551168416836,-1.50068300826171,10.5408716994532
0,181.904060425404,14.1067453654791,-9.18255630434968
0,167.970131290941,19.3104974036424,17.0721918319421
0,189.072406152123,-8.4217505870382,1.16572239964931
0,176.642915569793,-22.5495236693772,7.93045332315763
0,170.123002939908,0.224877975450193,8.78936988800385
0,181.933564883044,-0.603824490173278,11.0969631235277
0,183.638183846581,2.89642894226133,0.749871563902928
0,174.976313962487,0.695775880719042,5.78794871449027
0,173.544158418366,-0.371204666126418,9.49717771346799
0,167.811198096118,0.371001475281105,3.51789798994165
0,175.209680872331,-6.06758347279539,2.00025258868836
0,190.689552897723,0.396016674246546,2.76017293933279
0,184.722032517219,-8.80046353926875,-7.89923179496735
0.00584279838212878,188.426028766405,0.655256785389882,1.09575901816693
0,177.262477514938,8.93826448093215,-0.90888122516328
0,189.610196899501,5.38352396491905,-6.99055004850011
0,177.637389571418,-8.24609833280987,11.6019200892475
0,173.656194040915,-2.92850620532693,8.82560235057649
0.0171387260857471,177.729830707845,27.5518830891727,9.38599016675114
0,196.389396385188,18.8377610309889,2.75612741060472
0,193.907239840279,7.53935758829137,-6.71375218420201
0,174.887280012075,-1.65605992299522,10.41716131919
0,186.779777812526,-2.07521734806526,-4.50857245210472
0,183.030500187851,-17.4642768500761,0.740135600614947
0,160.613233916687,6.6843045855618,11.6134059634626
0,178.09983717643,8.32010974161022,3.52191655554518
0,170.99087274889,0.42065350771419,4.45101659517329
0,166.636097637628,10.3520828788396,3.94522161060091
0,189.345547208906,2.07784352930793,-9.50579380134824
0,170.746810568147,0.421499031767989,-0.178192099295077
0,149.798278326216,6.34559394976755,2.55967103609881
0,178.433771804663,15.4893545945578,0.331251597886274
0,164.690244837724,-10.2379374766792,9.1037852648846
0,190.337071271412,7.11310577347924,-8.0457482467422
0,183.423057414735,-12.6200007285182,1.30758955267518
0,184.1977742514,2.08813647033662,-3.48203787601575
0,187.45761530466,-1.01498294195674,8.34609997463343
0,184.855245890766,-1.33277398984221,2.68916904854235
0,175.012257875036,21.1371191962729,1.91563795852502
0,177.000697966913,1.23615472439752,-5.13750977938327
0,198.200030764904,-1.47570700977115,-10.2092577417136
0,199.372333277703,3.77275671054404,-9.8696427944985
0,203.362315294969,7.3320041359874,-2.11900347830852
0.00918527691569465,190.692303978774,-4.22610287288003,-10.5578854638239
0,166.427209269398,12.0173949960658,12.5383292764383
0,178.897113637678,0.0868412151418076,-2.02922157859015
0,182.49938068536,-7.63205093881407,4.15437466314677
0,190.115466119688,-9.00438508559709,-9.66660823149908
0,192.298043617587,6.84479295962813,-0.0652839666852697
0,170.997863179976,12.4860738962367,6.19229962207192
0,183.981488869664,1.61600188676757,-10.1156559138043
0,181.748296293558,6.2349206895383,7.85152935020082
0,178.757381012673,-0.358041587476001,-12.001116816557
0,164.258393509812,25.610538794334,4.43817652760558
0,173.507595132597,-1.49203136618956,-3.42619917652852
0,173.454383499992,3.1012473252686,12.5026277617422
0,173.646647587011,7.72441285262554,-3.59944189952181
0,159.467059074198,14.3205898079635,4.681320286079
0,183.950632937125,3.32149564373123,0.215587604744948
0,183.343236799296,9.96235949817815,3.15941766925431
0,185.191502218615,4.1756982155228,6.03984447423825
0,183.588812581262,-10.274076660212,-13.3106720074204
0,178.951871803416,1.3326416418862,11.0968818674056
0,178.869194978139,-0.249708771234554,-3.14914324871391
0,169.333478143498,-0.161044260838578,4.52944357417282
0,174.143096121914,1.00886691342858,5.63640680373318
0,167.393371961794,20.8279917162786,-0.295123808912822
0,183.64198621551,-6.07451344295382,-4.57681369164162
0,194.641436495595,-0.404389717361959,2.88128381636658
0,178.50311500645,0.347629933741595,-14.1688572226382
0,186.054647565203,-10.1993252086695,-10.1846449788198
0,187.52578182399,-4.29176929822413,7.60045686839818
0,175.255437227283,-8.89686304445617,-9.43451058552568
0,175.996446988018,-2.59908305077953,0.93139428846158
0,184.35565235851,-10.6224433266826,3.2895930543632
0,190.265677424956,0.00363839711259917,5.40977008570649
0,155.836381921559,-12.0334738623173,11.6645407483657
0,182.709398871407,0.737442740419358,4.77743948535224
0,180.842239402349,0.422824031819051,12.4645698739294
0,173.311370350161,-11.7233766919581,4.04904072993702
0,189.398998231162,7.9135165648324,10.6139784801798
0.00186665235240803,169.152562899119,14.842385305266,5.05013518951669
0,174.30243716577,-17.2719765458729,5.62005412171658
0,165.338485409549,3.28946787748384,11.1779244466762
0,166.373135074087,3.42433326918449,-0.998703040647458
0,186.104972589285,0.636052282147088,-4.69377975934413
0,190.70283079029,-15.7222855524177,-0.983715081004141
0,179.176972803988,12.0936683065467,4.1492179917063
0,175.721573206153,2.95357206152083,-0.134091120750956
0.00199155914194652,191.885786775795,1.60460351020161,-2.27918191095817
0,181.849572048001,-1.00148432866029,-0.0644038606631613
0,174.005411608355,2.45753807174691,2.42486964293312
0,182.977934527315,-4.48937851468113,-3.59851895505244
0,181.167913187759,-9.35322373817069,-0.19463789584035
0,181.654833001326,-16.2788394135289,9.09034026860583
0,179.215628532619,1.82031656023878,-3.75028908880311
0,186.471801128608,21.7551355582446,14.6126926782228
0,196.7850428785,-0.800656909878331,-12.4111158434709
0,192.329236468892,-1.91476206918257,7.72492559295603
0,177.10222957696,11.808003228768,7.13929186626317
0,164.505489226059,-1.61708945120255,1.53217982663251
0,177.816689885622,-3.31582567534371,-3.17657848924587
0,195.831399378141,10.2314680189011,-6.87647630886614
0,182.030013579529,0.222042093248387,11.679319536454
0,189.654894366903,0.30270351139525,-17.2940701760206
0,175.960006563604,7.34211586492933,5.99877868002083
0,184.785145255061,-4.046193150129,1.95883627447023
0,192.512465813216,-5.42444090255179,-8.25490918206084
0,179.226870979859,1.28535910803286,11.1883466043836
0,170.380555804016,-1.04119925499978,8.39714882783528
0,184.56206956692,-4.35058773684422,-3.26038727716832
0,181.783608166768,-0.331982027241977,-4.72351116810899
0,180.736539372534,-1.79582612558448,1.76885339012015
0,181.81074279354,-3.24814512927226,2.47630070122404
0.0122062404185489,173.090094517532,12.590001649035,0.788086721868963
0,172.996296839757,7.82672751579445,8.91703106827851
0,176.322660350099,3.16802286229312,6.63455988743013
0,176.341137684522,-10.1023629010584,5.67882220261816
0,171.594937697416,-5.12476620902674,19.3297901986406
0,187.73407108479,2.72212086012296,1.79013637071524
0,163.088453228209,1.80402780377852,15.142222266124
0,169.423018738671,5.98174398686755,9.5479178696004
0,173.065657774111,6.98214704828152,-0.736938573220793
0,177.299743770312,0.78272347641749,-3.11224675124557
0,191.37813505862,-2.84934602904125,-0.603719519711918
0,176.722133277966,-4.31730345695635,4.61010006440775
0.00187294251009006,167.313904731076,4.31918877908593,-0.932406832116817
0,178.832822950767,0.972332591511682,4.23144948910259
0,169.293297414138,-0.328088687376374,2.05222805260731
0,181.003615891532,-9.5175373519221,10.1996971175892
0,192.340761370586,-0.0923383751156768,-1.80268147449017
0,175.771993226127,0.0452934379879943,5.13618259275683
0,157.768624976577,27.7161819686654,-1.7658045414754
0,181.113681932573,-5.44889229148221,-4.03019816722979
0,166.159296786544,-5.45112974316206,12.4526546182796
0,170.638228996255,-5.1740519087751,4.96614459083546
0,190.913201094445,-6.40215909076207,-7.86816257685826
0,173.362241283973,5.60551484202251,2.84342972442965
0,183.777691014667,-2.5900414208819,0.0146278287300304
0,180.922705989858,-6.68769754198451,2.21706673141673
0,180.556028177351,-0.238991774973169,-2.12290090002888
0,178.138767759843,-2.50702059172878,10.6156129240941
0,167.840681021356,-4.12885930815882,5.65132444415129
0,183.264996915511,0.993529764716589,4.26842082675951
0,173.053429902811,-5.44896395617334,1.1644035647451
0,179.928888093198,2.21253189344142,1.64752691693941
0,169.18611038195,8.59865931037768,9.10009062723494
0,179.973006718961,-7.82488373457708,5.03794207088095
0,183.874057381379,8.64827280532805,-6.37647499189828
0,180.680847713824,-0.346167922215449,8.31705168034296
0.0029752341742128,166.818232629268,-3.92880469580655,2.34670099122451
0,175.190803288547,0.69849826261996,3.62034326194907
0,173.69604545118,10.1140339677871,-4.35620076212088
0,186.909537135416,-9.37110466661004,7.28711729031529
0,183.506356146456,4.93775291112349,3.53146340773898
0,189.223386290815,6.27445203043989,3.37882130600952
0,176.803300301856,-8.882238030969,2.86259785587267
0,173.137150416295,-18.9271966557002,7.35033033788266
0,191.370758310904,-4.87761115992821,-6.01578761543365
0,175.659482624116,14.8805568714971,0.23150339718794
0,182.223726670564,-5.95695458109047,7.0041410910684
0,182.583412785372,-5.85202956685381,0.100235410882677
0,174.471000410883,-19.4211435529344,-5.67506236414178
0,165.684337589167,-3.52334038590052,9.11917963625264
0,180.492779912036,8.52505047635858,-9.57579723448431
0,165.96844750502,10.5989679812766,9.12185622469084
0,181.777753886558,-12.1981479162134,-4.58091541637744
0,182.673097774302,-6.12881059164563,-5.64221781133504
0,170.763969359581,4.6485535705318,9.23354728922027
0,171.778515360013,-3.94963666793978,-4.80754381731582
0,181.210216758667,10.5329684815317,13.0302112994104
0,173.704261962587,-2.0392019384288,2.04633801782341
0,173.1957894809,9.94950871110321,4.73103078568933
0,190.31734252443,11.2338523285054,-7.49558341788256
0.00436067479663421,183.744161264403,-2.11030006100103,1.72325870321073
0,187.480454850473,-3.74487029023602,-5.90602657058037
0,183.536145591774,0.23052444719739,1.12428590869941
0,172.347559756067,9.05604375305722,4.34499105877741
0,166.192650477754,0.974634737806414,7.65870150214055
0,186.835779791151,5.06414380582709,-18.4165601675789
0,183.1496022382,3.18642325993869,-0.988906977614277
0,178.845839921282,5.04026626413909,2.17177824607918
0.0217203191116585,176.083312498855,7.4192947460215,3.24012990030832
0,187.878224185332,-0.215873737816033,-7.91426026392686
0,178.691731251192,5.64188223834432,1.90786325594522
0,160.077408950981,-8.17088000057516,10.5318590433029
0,191.565929272238,11.5532983415208,-5.94028209441177
0,198.186895999483,-0.413231660450798,-4.94837412480751
0,183.690752040341,-8.53994746506545,6.18237890414203
0,172.351220264463,1.33618278803602,2.51952459431858
0,179.324431761594,-4.48162158301265,9.49455135410802
0,179.172609325987,-9.24577607089737,8.28973285554573
0,179.059592079215,3.50499093697268,1.25397352082277
0.00157555663888305,172.580501084312,-12.1820827847847,2.59497499576729
0,197.148872080839,-3.20860383111891,-1.88593363101111
0.00245235323811102,186.937187273232,-6.7490255321244,-2.06211115810097
0,181.574737531105,-2.73364862406331,3.07514957124327
0,179.160359922285,-8.15088296008261,2.22764064011484
0,188.347264505293,2.73109126289193,-6.17482367299736
0,158.849175389823,3.4402659605062,4.78973601097529
0,181.318433546331,-10.2692323298241,1.66239547119861
0,170.272944456841,-3.20269494311372,6.1023355431262
0,175.58770879409,-5.51911360382083,-0.715410202031307
0,180.437358041661,0.698921601672692,-1.65119995415582
0,192.97527440262,-4.07009029214141,-10.9930275286206
0,189.23162813446,-4.76193433491982,4.77731917701238
0,157.407453126008,10.4962015037888,9.22481874809672
0,174.803198514199,0.717874326218386,-7.17483974489371
0,169.959813929094,3.86058206767196,4.64804648047784
0.00971143522302707,163.074060717169,-0.742417975889524,0.030842870604076
0,180.797973849606,-12.3488444525847,-1.13715811685337
0,182.943022903467,11.8999346330686,5.24199174415641
0,176.867072944499,-5.27999002204663,7.24937627317681
0,172.363435469644,-7.94615380889428,-0.966801411133762
0,188.933969271094,3.94271230847626,-2.88750382086785
0,183.785994922295,1.43096344957042,-1.994904720697
0,173.462176963023,13.7507842573197,1.89917577642519
0,186.30108337665,-1.30308678199826,5.23256021549195
0,186.314073748314,-1.6505596830764,-3.83570463051232
0,173.653306165778,-0.439860518205348,4.93585008402161
0,168.186506602123,6.59435863499893,11.2455153700602
0,181.773118086997,4.63230046598056,-5.8149789447343
0,161.750311952498,0.407841660296751,10.3759483011298
0,169.75992103859,8.81490684837274,6.97884370465087
0,170.112552125106,6.52093056220717,17.2981253131874
0,190.168356032871,4.98199073694081,-0.365503445110689
0,197.253043310089,4.44823549857471,-1.63867576864962
0,173.376827586634,12.5334722947744,1.25681863172712
0,174.298182616392,0.61186226829246,7.84736108875854
0,188.234037000945,-5.91550716066521,1.22466530267956
0,181.652724092509,5.9231595350055,1.04461007262939
0,174.764513653495,-1.35602174154058,4.1588613018389
0,169.785927114158,7.94409010229005,7.74845286945001
0,182.14610742661,-3.79334045271997,0.328769790609597
0,175.324349781023,2.92897058681083,7.0903813706045
0,185.278347463661,-3.73977886662545,0.0461092696407146
0,178.433457684911,-8.30744732347405,5.88717608041642
0,196.778352634434,-19.860885160526,-10.4303567632379
0,178.841910891162,1.80140346060742,-9.37309322750503
0,172.456779700358,2.82274734732572,-1.59817375897495
0,184.236823896332,-15.2751953000618,8.82748918670312
0,183.290520411944,-11.0097867831623,2.91571056039905
0.0124874945506481,185.831101964046,7.55502858571968,0.772102062351513
0,171.916711584781,-10.7349798150749,3.87370542678323
0,187.35235225595,-2.67867769473834,8.3370298212295
0,165.802460548515,2.17466438951929,0.225906560794644
0,191.515378791237,-7.22881795477141,8.00483431545734
0,170.534070433124,17.6429691114044,1.2935068964671
0.00140638154045391,173.461216871202,-14.2334949612099,-3.09789162999524
0,170.014347904525,1.90004732415848,-1.59623127232482
0,189.217599141036,8.08187147207834,3.69220691257102
0,158.762199683752,-1.76327350950415,10.8109914514532
0,169.401802989316,-0.174336630383182,5.68055138514464
0,186.052924973017,-0.800636713355741,18.1302914700658
0,174.526011899002,2.20523952013722,-2.52124027951198
0,187.466933768421,7.09519285319396,0.173006922902191
0,171.989436640345,3.72076727431255,-0.443916639964993
0,187.863691080371,2.09851375238008,2.35552659947275
0,189.541386941324,5.25033841972699,-0.078558253613279
0,171.96324563944,-0.684425256287625,7.77545832159871
0,182.894709259085,-1.42488659695256,6.68657700605846
0,183.715947484291,-3.82784497711338,7.78773161280969
0,183.897692359466,-6.1847453705724,-0.283370698140339
0,159.326399289281,-3.67706356784926,8.28092841851752
0,184.381326581759,-2.34364998043366,-2.158757356984
0,197.679691396309,-3.44182064003084,0.434641198952769
0,186.456525789072,-9.31873246867293,0.486837637171556
0,170.195534203851,23.1794187927432,6.46121237209278
0,163.455669350774,-19.1158195501547,-5.34811398865931
0,169.684842618112,5.438585823125,12.5604254002281
0,183.679926308416,5.719429602072,5.21641379330723
0,173.184217714565,-11.4218049477741,-0.315520682540838
0,192.750165802375,4.69177402992063,-1.36737565310201
0,186.490929501548,0.0865022455531467,4.11604382696295
0,176.593003461191,-9.85065699455998,-1.03054139399079
0.00193476118286231,174.798704575172,13.5886085360274,-2.39104933635181
0,179.295736668959,-11.0561557032952,0.240335521560689
0,155.970853040723,18.5751054625077,4.95031269658785
0,186.046355057082,-0.0595130169217286,-5.2005326709635
0,178.602964555891,-14.397070051164,-10.1279667086021
0,170.187398755606,5.03679706856484,1.0930049437561
0,177.494410620109,-5.25613024013762,-1.36272671739071
0,181.275500469309,20.6015989298925,-3.54637215218756
0.00280712969736619,150.433352467322,1.98158175455865,9.20366067102041
0,177.302798838219,-12.2923527107603,-2.45957041053422
0,185.794227091749,2.16795561135961,-1.57047159853857
0,173.95688897301,2.1729713239859,-1.15019847763269
0,158.700769006515,18.7767997917886,6.01515177625895
0,170.317601392662,-14.466091246561,14.8792603408368
0,176.265087772715,-1.08556627554031,-3.59194061812783
0,187.490386354395,0.851852175499707,-6.49383883016268
0,181.058015606101,-1.84806600215948,3.41674113807278
0.00261937020498495,176.779434800403,-10.0415061177583,2.40361011135672
0,173.400449898602,-7.44818138154645,8.11865938355154
0,179.614867137284,-1.19215141969014,0.49627082331643
0,167.330174360954,12.5109200323735,-11.0236901445184
0,173.671292054784,15.7994134696978,-10.8504546451711
0,195.965021867331,-2.95978769967444,-10.6590456399306
0,163.704700450007,-20.1541675631187,9.94459443504159
0,180.299836921037,2.25891021792029,6.88074312854702
0,171.056487045238,4.39528711900717,4.36679483270766
0,179.807000763278,18.8071709286225,5.65210358364048
0,159.146083152332,5.10289547288759,8.15424363274493
0,189.661903797167,-0.405663348817005,-2.38919063533683
0,168.244671953877,11.5021797850828,17.3720746283183
0,189.526343391767,-0.356051710492086,-3.16514382499108
0,185.987170082748,0.0484509233418373,-1.85257762056583
0,169.171678605941,-1.90990613643168,13.033196802617
0,171.134034092312,-10.2364098635624,7.01155112692842
0,181.428266530783,-11.9791327879205,2.92921576032477
0,178.454563239031,0.471219488630076,-0.943706316474237
0,176.671007755162,-5.43235593311366,1.90414706239164
0.00209091354128201,178.538722000233,14.4636755504884,-1.09060389412049
0,171.550702543358,-0.214374865904465,10.1625915636
0,164.613637616681,-5.82687829846749,-1.48368546246061
0,169.379475154712,-8.13538491455133,5.67681109009408
0,181.119666673809,-1.21849263285042,3.61967418905506
0,182.816124856863,-10.2754572127602,10.5076798179141
0,187.079600049021,-1.99652246858849,-4.23668003747577
0,174.342982679358,9.33448070221488,10.3766233656918
0,163.012440048148,-1.86630919149815,-3.73401201974441
0,162.730083123167,-9.78891750150925,6.5277800017004
0,191.060130608275,-9.63972641254647,2.38918841381829
0,179.421465632777,14.7792803254219,-6.65472089046228
0,161.191230725663,-0.116926654302469,8.34417935559249
0,181.662565666986,1.00100893103893,-1.34097293319357
0,166.343780076651,-0.339248653938042,0.611503102181209
0.00156383609610915,177.243160416824,17.2627731458864,-9.17302398108497
0.00701832245604302,177.049442259341,19.3790849922666,11.2928596605207
0,180.428715948655,6.56032471660869,-2.69897260487133
0,182.395125859725,4.67875972621779,-9.4410450709609
0,192.279866470184,-2.6342790290003,3.22102268374453
0,178.057306881992,-6.46603236349403,-3.11137890439393
0,194.566464470517,4.60138433474199,-11.583051648818
0,176.814008238874,-16.4062296180198,8.91035216434798
0,189.702976221306,-0.565391617825054,-0.967891160597964
0,191.021507811554,-2.18238360732362,-5.88838498231343
0,169.709537750361,8.28513283777143,1.83235257818017
0,181.530488444316,-5.45847393808631,2.43214530413439
0,171.319529405328,3.3620007791171,0.338948501551239
0,177.181183829857,-0.464848448081072,8.39089334830536
0,175.730406557556,-0.269124269260753,0.928489572582311
0,185.769629488617,7.60284344229249,9.64547785970273
0,187.757162686372,-12.5609957714001,0.758670689572244
0,178.675200699262,-3.43107783902581,-0.106278238148782
0,176.878184930713,22.2859691230987,2.19001235143562
0,185.905886530563,-11.5431040156293,1.59315789173295
0,183.743185973239,4.47876367116439,9.25767121908323
0,173.231392674847,6.13721273096394,8.73293476768967
0,164.05009664934,2.84519170032989,5.10012496715595
0,173.948989114578,11.5213062581056,3.61047302914102
0,176.495113360362,0.652711711838252,7.71832998854885
0,190.493506707565,-11.4599522108892,-0.822283318560713
0,183.888642417428,-0.783422616501057,5.29120988797153
0,188.526811808818,-5.48849172978124,0.318671761856558
0,190.262983341441,2.34613625919669,2.73774625519357
0,179.516751579537,7.75508257342448,1.69593407290279
0,176.908838205348,-3.94660985512611,0.621080998735862
0,175.504208671076,2.99048546405251,7.61651410329329
0,175.821802739165,-14.1938035794416,5.0177980533123
0,171.710402038383,10.3102904847884,-8.20697243388328
0,170.245347516725,2.76260219211095,1.09871307377486
0,188.499689848165,1.96599260202909,-5.59722181562968
0,174.404822472239,1.25878349807367,7.65415002133014
0,195.533886175143,3.93737879500748,-11.9070915444564
0,182.691922160386,2.93495708942893,5.17911314150353
0,183.244153550056,9.1668786967905,1.35460240889828
0,173.191907315421,-7.07683879325841,6.66360389206232
0,179.616609995261,2.36104813677802,-3.57287335921138
0,184.451641274875,1.2419031336643,2.5695610436378
0,163.593882041496,-0.737140955290651,5.1679280579289
0,187.749674476808,-12.8244332352409,0.896689173066704
0,177.261975936625,7.49061470101076,-3.13490248000626
0,179.104264214378,5.06199837554284,9.99105966715603
0,188.999453106416,-5.88174156330696,-10.291293582205
0,189.313352467587,7.1403309827929,-2.60304890665036
0.00627372408086455,178.466547920845,2.31567265165393,6.54921723496847
0,197.332694199533,12.4525079287887,-15.3638836237511
0,188.848332373802,-1.94968870188766,16.3331301203117
0,182.564093154034,14.1113697457417,9.44251577065306
0,169.673402579415,-10.0339856095915,5.00719669228554
0,178.121987685368,-5.06687985575684,7.87263561678941
0,176.892638239124,4.9182343623446,6.18832722533807
0,175.606207660915,-2.30461055250788,1.9348116647921
0.00303963523537196,179.846524121061,5.8549083703769,-3.08217657822172
0,175.35867369695,-5.03181966476395,-4.11684938316477
0,172.971765100444,16.5394826523511,3.8942195696247
0,158.971322375183,3.27396134664236,12.0374900313773
0,186.875095424583,-3.50432344363277,-8.95399531587741
0,174.887065954664,-8.34729053044867,-3.25208074231009
0,183.395905055396,-5.04302293609386,-2.85658702168941
0,188.495793749956,-8.13842620805399,-4.51847886251521
0,187.339563275578,13.0188908961658,2.50038030956585
0,163.913492555733,-4.15099623565316,14.8411198016497
0,183.157243707803,4.46002055109763,4.15878841228211
0,172.254249723875,0.322805621921674,5.79364038350201
0,180.667362096906,-7.0277467391738,3.04794419479604
0,179.442348263202,14.4739199223931,9.08876436591028
0.0146326885754579,175.484692714894,-3.83299761864996,-0.718197247933205
0,183.724543979268,-18.2023392840792,8.85947329442151
0,182.948003221464,13.5433699086904,-7.14636264804162
0,181.40232378581,-5.92479256387691,-1.8007092830697
0,181.258329011756,-6.63710595052231,3.58130734194453
0,167.453302970538,14.3972128814467,5.96054420374945
0,178.702222597574,-10.1918855657563,0.542576808670438
0,178.540663716278,-1.72369677095606,-8.62832734896582
0,180.838345837363,12.8245328226017,-2.71905444713348
0,166.491119972738,-3.80375767014611,1.21880314572676
0,183.909788503128,10.6183861312715,3.39619763308939
0,170.240272202834,-5.09334715369992,6.98800637514836
0,182.020322731868,-0.990723840854881,11.1452885285987
0,177.378858882921,7.59532522738588,3.43446351985163
0,162.579048520163,9.64247919560688,16.5747456026762
0,173.422663738135,1.14545776203554,8.56562685371623
0,165.867528935133,-7.32829683221872,6.20714168138295
0,194.688719117889,-7.60482549201067,-12.8848875526092
0,199.526393816541,5.79441327899034,-10.2620133940347
0,182.549637312399,-7.83655220376184,-4.05772099570645
0,197.031525554586,-10.1268470236809,-10.6858524912913
0,162.068059280627,0.511557977966069,7.51439403327319
0,160.876774055255,1.17214414672986,0.189862298938872
0,175.470183675559,-1.68450273474117,17.7576415824425
0,182.906207561929,1.04457329171644,-5.65534718870824
0,185.981572924754,-4.12747460943571,-0.866552222135875
0,188.423354948681,-13.6630853158522,-4.49033371569852
0,175.648788619829,-0.705759627434161,7.96778181073694
0,190.100128716169,-3.07641268759306,3.74078600367852
0,176.156812720903,-8.74788446427383,-3.75202782503434
0,188.987612818358,-6.73695123751768,-3.78445981859569
0,177.903853050255,1.3261403901703,7.36813538835277
0,176.568195600483,-7.69791132894874,1.01023342439641
0,188.899189374883,-15.8681325088884,0.479906555016928
0,185.111625872253,12.3617949259744,9.44281260313132
0,173.295702360936,13.0242205219772,2.78560495274191
0,181.824671724624,-6.60828935715122,6.04150903976692
0.00174998709726962,170.309740799199,6.57132798664146,10.1791500601553
0,186.675473589026,0.359497028452905,-2.10432002997812
0,181.175131608988,9.72356887700763,2.20167327042599
0,190.384451422822,2.98783059108165,3.40678087810257
0,174.950577675255,-5.02249923057992,13.1585006993976
0,178.041730088823,-23.1319472869499,5.64471950837674
0,167.561134708185,-1.29643396235658,9.65510810790009
0,171.422230098161,5.19611457125129,9.58097746935908
0,177.315938670088,-0.762490348248623,2.81911383359573
0,167.762417071944,14.9889225652232,9.24669614569915
0,195.330895151928,-3.73726008021849,-7.37168001165532
0,184.46893432717,7.26463959969004,-5.20055537689907
0,174.34887115809,-0.380411309332023,2.04135743388658
0,185.009823207259,8.63739498398906,-10.2679481832638
0,181.845145239404,-6.1068660753632,7.66434827569761
0,183.790861245222,8.9458297855996,-3.52380592242176
0,196.992988887475,18.8179352298698,-6.35271538612667
0,180.543108735953,-17.4097110510208,1.65222246743208
0,184.864471891858,-6.66688682641917,-8.0901437539905
0,175.412112053086,4.25475567749957,3.68447487032119
0,182.761319826485,-4.53593657312055,2.64309203544966
0,166.254125486407,12.2091161023952,12.6075093227795
0,186.532380642646,2.32417942931906,-9.28936743976992
0,170.685501485653,-13.9077758548428,-0.631108463352404
0,184.871853706022,-13.8006295521435,18.0364103542322
0,159.036768212148,13.9061950836078,6.5309536462514
0,184.83749305835,-10.7037175771864,-1.59959684321285
0,173.157915251813,0.0499854929286842,7.32223764784736
0,175.747974464634,6.09695444141554,-0.39029049624511
0,178.376897130437,-9.59214611666521,13.151366072463
0,182.425060965411,2.84101743485034,-4.41245260220856
0,167.724393382653,22.2886632066138,4.80135703416461
0,189.144378840218,9.66213051104114,-4.01642588536238
0,163.651580013458,-10.9838094042708,1.70798049462611
0,153.743470413411,5.70401541020677,8.59379139429075
0,179.640032182549,-2.69832569026405,8.77882665011503
0,166.784871338387,0.534741478178176,-6.48945698628846
0,181.737481961141,-3.61542011960414,0.63060202515828
0,177.29169065184,-8.23399716228187,-2.12447623373862
0,190.496680836991,10.5933511907982,-8.90890911736644
0,164.868794051071,9.14920261314005,9.79056338451237
0,170.709416384971,10.9044387428151,-1.35120556605507
0,178.012124302231,-2.75214932169347,-2.02362005190994
0,187.188966920292,-6.99786615717129,0.791109292027531
0,162.099830973571,10.6388270617185,10.032427914442
0,173.039936686221,-1.06492729968483,-2.67962204049591
0,169.437808965848,11.8602856036357,3.70961255478963
0,182.855815407417,-3.92606713806439,-2.41341621575261
0,180.443394713985,-7.61518375508479,4.16457217783268
0,172.87568372141,-3.2736621837961,-3.32131287559196
0.00358536513982699,185.749347232233,3.60635974780853,-6.08212136713269
0,191.832844931524,1.51551801214863,-7.10160090055913
0,167.24067936381,13.1230208417843,4.66963653838818
0,169.85661925762,25.4951708741985,-3.19618286087652
0,166.950007131694,2.60029128875668,-3.31848155269823
0.00273740521091954,187.458306874758,-0.176692691794686,-8.27866373622794
0,164.722863894031,-3.47350015479922,5.21145447335985
0,170.302448914481,19.1738323543374,2.37370916460972
0,164.493802198041,-0.429355597800417,0.96690190145029
0,165.778065603287,-4.5178213907472,11.1491480533899
0,179.659009828673,10.3136197543815,4.62122693331193
0,174.25112038457,-11.1011288566939,15.5793373560291
0,193.648194907351,-7.60991519382068,-10.6450502513035
0,196.083493144953,-3.83358080931979,7.29072679779158
0,174.282874344947,-2.24335119937427,-0.655749497419676
0,178.970810184571,-4.5670400293326,-1.8545568191703
0,167.843339639737,1.47457898302315,1.84619419962764
0,166.749216213352,-7.03691419904755,3.49675973088868
0,190.811679617293,0.366557860401147,-2.34430657522135
0,171.958378049902,-4.28372493718645,16.0364535144752
0,164.023649792831,0.665843666964576,12.317063893357
0,177.961578887679,15.6424355674158,2.98871054001419
0,178.225537008174,-1.12621894647423,4.04778800747376
0,177.560202242123,-6.64599113900696,1.60750478990132
0,167.568334130234,-7.82877840784857,11.8344718551693
0,169.60502580251,3.71880949307631,3.51564802644927
0,171.300546692756,-4.20242326156634,10.195755619259
0,178.285749204761,11.883277498493,3.31629784451172
0,173.797521330303,-3.23753492515454,1.4447658233659
0,188.32244651169,-1.30111557022294,2.28594567046457
0.00286279331957772,179.278534812721,6.87177935569973,5.44544061788799
0,183.798763636877,-4.90794306147938,-6.39412973610681
0,171.282719130239,14.781675740861,4.39634452224623
0,180.092844670824,-7.52801424749685,8.23550470751634
0,185.965255163623,-2.68301618436728,9.17422789569762
0.00404091462319144,180.503180062361,8.7547987947439,5.79607005188719
0,178.123681145481,9.57325916193206,-2.11995186881308
0.00144927216612268,169.593481901637,3.95933355179766,2.78615217361281
0,172.601580039581,-6.18014557049702,-1.10443279131344
0,184.89449692699,-6.80000181242244,-5.11224492905897
0,188.844516072142,-1.90891725949404,10.7197792056416
0,169.090433052113,-6.27061724416237,5.65821241820885
0,204.836641415748,-11.8937533294982,-7.11330287016564
0,182.445143097114,-0.22778702706322,-0.227471192623347
0,169.754440408891,16.400253030598,-2.074603305995
0,165.627692171695,2.14677438212678,9.94562723830263
0,188.507596039656,-13.4792236946998,1.53200483628196
0,182.672023687409,5.79129728012398,8.74687519723473
0.00281079396626241,163.442563717426,17.2640478324391,14.5378263360749
0,182.384154467431,6.70238025558105,-5.285780298774
0,193.266719267996,-3.88682228646849,-4.13713351472735
0,187.061802885189,8.43152301736923,8.53958285895503
0,183.754413221136,0.249093158268666,-9.32988891741794
0,165.913164961954,6.60377335879102,2.14277772185868
0,186.600824549983,5.72137078871324,5.48729552121562
0,183.07093297298,0.0619958638344426,1.15455614703131
0,187.370766259778,8.76767221261118,-2.80129632233626
0,183.648016554775,-8.58007473944526,3.35845622013469
0,196.564097631577,2.57365034592895,-0.557892943251958
0,180.643345868636,-5.23833099827052,7.82764781819056
0,174.333475490424,13.0637487878815,5.74467290020316
0,174.146547639347,-2.70600803840602,5.32652934600962
0.00244683278160495,174.703313499625,10.5553199018352,4.71852584303601
0,189.382527209991,-3.70607267138632,-7.36835336434474
0,196.773178524816,-4.05492710713166,-4.23232784982255
0,180.718122835482,15.503510367917,2.24750843733484
0,192.662682184931,5.02462744656941,-10.4856823315261
0,169.152627496326,15.5479347617093,3.82611012451956
0,183.240943955497,-5.72212083571031,6.66180013776013
0,161.345899238214,7.09955637077722,-7.22798652301195
0,168.041668264542,18.4485456012816,-4.28555345968856
0,172.002613203959,-13.2172277143664,0.949685002340466
0,168.053432555886,-4.8609568857433,12.9380574266038
0,160.907250004224,-9.54535503874363,-1.65858288278945
0,171.151102954301,-10.6912627844481,11.4024641798501
0,167.44922828005,-13.3489725305757,12.5253803071501
0,177.103527854159,-7.59768080144867,6.69178220704127
0,191.263089966193,2.47904133272652,1.36417068464496
0,187.967497525394,12.6969044851779,1.63987443869736
0,193.206027025498,-3.57601976171108,1.95233958701011
0,171.506027874971,12.8998566491358,-1.30780584150051
0.0015881003627351,188.061095078488,-3.0269627290614,0.445821631686827
0,189.079672704603,-1.33477958877005,-6.20819651181659
0,185.163213708401,3.10392713960899,8.7361687643187
0,186.305994030993,5.51147567677254,5.33117028623329
0,174.330700343747,-13.1485952401829,-4.09136389498442
0,173.274101561563,-2.65822771123217,5.75491209186311
0,182.860623466196,5.88908867428352,5.94556643389993
0,177.091796494725,1.83480701476528,5.37508833212703
0,168.797687376314,7.60761431413785,3.97082295496173
0.00325969812398197,194.335000011749,2.24822231167717,-5.80564247133491
0,181.380426599252,2.3245686304598,3.1593021877077
0,187.208140891261,-7.13024511116396,7.81497437657268
0,181.805596549383,0.56944481363699,7.69989730219519
0,184.935395825298,-1.53327658853766,-1.76407151953159
0,162.50075670529,2.22667775778894,8.98492455358054
0,169.522066522779,-5.170231945815,7.16440672203117
0,191.578040615242,6.63352833006249,-6.16388017585217
0,176.57276933606,-6.57692065459519,9.99784865747256
0,167.80484603743,14.8386565977353,-0.563249079473054
0,180.344997968395,0.180308285409198,-0.101367974674089
0,190.383453332643,-13.4022434960327,2.5860797557153
0,181.988723298143,-3.21107224991197,-10.236675297919
0,181.692855424005,-6.49293264851019,11.2883533720272
0,190.625554798162,-2.74736641440658,2.00449523884135
0.0019526490586625,168.527498791873,16.8377524976337,7.67676095359021
0,189.708686107759,-0.93039108854297,4.01692435280739
0,180.788960639313,-5.19699858224779,5.01607144359125
0,173.939384396527,-11.0423983189607,4.47016246597398
0,167.297646500705,11.3972482819339,1.23120340024701
0,185.773234266089,10.264952863815,4.13509482370818
0,174.47243041572,-7.67023998033118,4.04551576694978
0,185.27348494057,-3.86939083208468,-11.1069777142217
0,169.740283487665,-4.51659357378262,10.7656363354029
0,171.082065005982,2.63925223714927,0.0510009779932018
0,180.991864266307,-16.4157449607687,1.577978381778
0,184.722227575452,9.62630763909223,-12.5885236811675
0,166.421078867793,6.42742725852107,8.70486498551805
0,185.057541544047,5.75285613336138,-2.1002372450484
0,183.237234049236,-5.38504656353911,-6.54287464123638
0,191.500659494327,-4.46512411544303,-3.29692454667913
0,175.972201502995,-4.92129363054209,0.396067884206844
0,178.821868024429,-5.40301247372075,-4.85041394471665
0,175.793312837658,-4.56491981006767,2.47612241570346
0,165.335792592646,8.50433423717709,9.26347657640856
0,186.10317780022,5.61840103485826,-7.97103802255129
0,187.870300261275,-4.81235251929634,-5.84466971306884
0,173.428287494979,0.804507706921914,7.32737004833203
0,168.236621368629,1.21780802896289,4.85280399684599
0,188.763682167183,-0.966755442027592,-4.91549287983725
0,183.787974636698,-14.7129185301437,5.68432658129033
0,177.944779814025,-4.64183126040512,6.28617765053901
0,189.412276123728,-1.24966720239398,-7.03443557809144
0,192.1810340101,-2.59753920177619,1.34263396049632
0,181.157697962771,0.56184671559577,8.21576212675732
0,188.662335482473,7.59337555790829,-1.11167103798658
0,188.045874203264,-1.80671318660373,3.62317201945893
0,170.734913282554,8.16364988854379,7.72109995003318
0,164.349228582348,10.8826427268827,13.3799528681527
0,179.153679811115,-7.78109026689066,3.23548484854367
0,174.338698997907,5.11995697269432,7.7625301524529
0,180.414325970839,15.9537030673815,1.05087466613699
0,180.967937967482,-4.3360571565258,2.5576948840423
0,198.40779058193,-5.89758472099986,4.6512726770535
0,177.308143940444,-13.6471756412436,2.09456063251457
0,161.599324214134,6.82322980485145,12.6424723235736
0,178.897195967451,1.7369403883117,-0.173738210684319
0,181.941217752154,-1.50840430904889,5.8899295165736
0.00861813304428093,185.927850847552,8.2228389150469,1.01557074141167
0,165.37527668546,6.69673791516564,7.4266658409871
0,180.645986754451,-13.0581080901034,3.36363268485998
0,192.455439145562,-2.33767684032374,-0.624650485481606
0,178.336875994177,-0.0703152670490503,8.79461354253236
0,177.188312321641,-10.0952951274832,1.63862567810706
0,182.647263957953,-8.1753265709151,8.31705240270756
0,181.824225877234,1.40349576571466,4.4417371715696
0,176.260674896849,0.750996407422675,3.02366484027301
0.00268931168165673,178.205926056099,-5.13879755260968,5.1334234617938
0,186.491811063432,1.56747484796676,-4.14974883073342
0,192.411321786411,0.911524637089977,6.86343554794135
0,177.499282009483,-6.26862710989792,-8.96488742618192
0,171.474068723465,4.97917753253452,5.18844461277545
0,178.534019070241,-1.69743396651498,6.34830555804575
0,189.933048673593,3.03345454056047,-3.52833469327658
0,189.834564531782,-9.42820040419425,-2.99097655076196
0,165.471214937349,2.9633892116631,9.46154210217243
0,164.109631208559,3.63395127513776,5.008126758973
0,171.304209734376,-3.05518253547553,5.50720005018077
0,166.173960352531,-3.88143304578682,-5.17485737004287
0,157.41097810693,-9.03144625877407,7.49103034762265
0,187.807763831848,-2.56341729127579,8.05540197488138
0,181.209498589719,-0.952797970120431,8.34878657722198
0,182.320812472835,-24.0651167975489,0.774592521304895
0,168.972776205945,-6.5835130677341,6.08548697265464
0,156.312320209936,25.2510220888673,-0.105739888508903
0,152.247458630261,9.96070589675875,7.03518937049948
0,195.086451721003,1.02537385986896,-1.75494019273097
0,190.711429818491,-0.860093306675408,2.94091024267516
0,169.325870872416,3.68842487870014,2.16981732057786
0,183.463932247417,0.884414689459373,2.69289298401379
0,172.321385221117,-10.2279665098802,12.3373685529383
0,177.073039239071,19.7299486801998,4.73081070197599
0,168.752273006575,-7.88117457987932,4.54496216009204
0,179.194259523224,4.79090686503821,1.32583672491455
0,173.830715428414,13.0393053551663,-3.29962642653681
0,181.01251257353,-0.482184500860626,6.33909960504468
0,190.093723459782,6.10689971974184,-2.63466815839935
0,184.638215741231,1.24810047026546,10.4054721537646
0.00235728337218323,191.618122548874,0.119613390478989,-5.76018276084859
0,183.554982643977,-6.21439527088229,-6.60201112808408
0,173.629336802149,-9.65236254848568,5.24158452100843
0,166.779014524953,-6.52159830231376,6.05197580596216
