% Data collected at the edge of a turbulent plume of dye 
% released from a point-source in uniformly shear flow. 
% 
% This is PlumeData1.txt, acquired at a position y = 16.1 mm 
% above the centreline of the plume. The data consists of 
% 1000 independent samples of the concentration and velocity
% at this point.
%
% C, concentration normalised by the source concentration (unitless)
% U, streamwise velocity (mm/s)
% V, vertical velocity in the direction of the shear (mm/s)
% W, spanwise velocity (mm/s)
%
% Details of the experiment are provided by Vanderwel & Tavoularis (2014). 
% Measurements of turbulent diffusion in uniformly sheared flow. 
% Journal of fluid mechanics, 754, 488-514.
% 
C,U,V,W
0.0527622545151458,162.545470638646,11.7803179622627,5.86708070866113
0,150.629745709141,5.74786282764388,7.91363473576468
0,188.116539747876,11.0029660186987,-6.65694213686949
0,175.190014189332,12.5261633998538,8.61505119799081
0,176.282336493593,-13.4666018279352,-7.3862324918203
0,170.81326716141,-1.29027857237926,3.18232168734474
0,179.900780708486,-2.79663197205707,-1.60559871586951
0,193.494196432496,11.9706674664382,-3.74152527210517
0,182.092946458481,1.55903311218341,6.80143204732773
0,172.630296664619,-16.1531533561886,5.25606606348536
0,184.675689720957,9.71870378111126,-0.282385995208427
0,181.807867584523,-11.0154985695334,-0.499247251199232
0,170.113371623006,7.54714533177866,1.50446266970913
0,169.546291742012,2.15916908748917,5.62306644641969
0,182.115352823023,5.70311901511031,-0.274022678039678
0,186.586665095533,-13.0829793308838,-3.64897299543073
0,180.806937662035,19.0404726871166,-7.59058149121621
0,183.532252026787,-1.63295984105134,0.15151675539942
0,186.300350008359,-10.133266331544,0.263082426587495
0,181.172761778119,0.985930442118939,3.03390227797234
0,186.573798851834,-2.40464837688158,-0.846927756647471
0,168.517664817068,1.62326019142762,1.57310923742386
0,168.077162529866,-5.94627601363628,-0.0551362419689717
0,197.246560790376,-8.04965959191654,0.885112795473067
0,189.994811203148,14.645051920763,-0.312766546206417
0,181.899470223872,-5.89003880143175,7.92023372934823
0,181.705638071318,-1.39701514097149,-5.45249141094737
0,182.946131169073,-2.16199341185737,2.25539753203894
0,174.885307897344,-1.6389753638014,-2.20857151096675
0,177.716204497006,-1.40920309667943,-3.81285040981305
0,190.337713443646,-10.2175500321356,-2.27020857049071
0,186.925767500325,1.20739450267761,-6.26182979754538
0,170.526064179293,20.2569901673465,2.44311013082609
0,185.835980953092,3.99371988794184,18.8322302909565
0,197.327547955376,-1.39068411744225,8.41941012573343
0,172.602475534196,-8.20818337423382,7.83572188028779
0,183.191130642623,-3.0355074413819,-2.50630010107096
0,185.470154303783,6.51655367407572,4.17972038119853
0,177.697150854167,0.666170601266319,5.05362363660231
0,189.735767536831,0.918271383920496,-6.86194437403679
0,191.194212877586,4.48473275786884,-4.15608459663573
0,175.82248544298,-1.78320991404421,-0.860901293745433
0,186.226146816705,-10.8156255292132,-1.07565264890537
0,179.807066627097,-4.33003949443546,-7.84625509907855
0.00423038616408367,169.491158659151,12.5732380108287,1.38762381486566
0,193.997352944032,9.59481995418068,4.72802712441371
0,185.360295987094,-12.1521492029904,-1.48623627039971
0,168.632416055533,2.46205699234404,4.58852952518473
0.00145030749478807,179.109761310032,4.64849967025813,0.917483828388941
0,176.445445707857,-0.615759793914582,0.0536601474254354
0,173.245897914346,4.07206852223308,0.282204802912486
0,168.560618159881,-2.27427451962492,0.500756064282534
0,162.042652312489,-13.7848134484892,-2.37708429940716
0,166.24284504081,5.19972033826431,0.294748293117863
0,170.05599663708,2.33063829661673,-3.19511269256438
0,167.653983693645,12.3550089784951,13.4601846178981
0,172.839349692396,-3.73250913771977,9.90782924341938
0,175.746201207971,-6.37525670915687,14.4122610026815
0,189.845501725554,-11.5972697236501,3.86680617691112
0,164.545961276157,12.0304700328197,4.66084609841102
0,173.007284698005,1.94667363863107,8.98086585406777
0,176.925197764672,-6.39293652584905,2.21473529966947
0,154.638635708876,6.20017740385371,12.3795374671681
0,176.807805640391,0.1633498161005,6.10055070883929
0,182.873607504801,-6.0737127661146,8.0956220236353
0,185.683332686524,-1.52334297844057,-13.5036451596148
0,182.105181929452,-0.292283520781724,6.33239748649289
0,166.683173802181,9.44782988046861,7.3078546957691
0,178.129684885895,-14.7505467594505,6.27080938325063
0,176.199994053859,-10.4489949969542,1.85544185248588
0.00582295809548773,170.695207532657,-4.94080229906784,4.42534847027703
0,183.497377134684,6.88971527290735,1.92492478420125
0,193.409529759922,0.160745958892601,6.89672943317563
0,173.527165553092,10.5827716763528,4.45024497402765
0,178.737905588071,-10.339240542441,8.93297224985812
0,187.17488599578,-3.88451228816951,3.59903576239459
0.00341263212798988,181.770474667958,4.40431024449654,4.04712996300916
0,188.190962063389,-7.32122300265538,1.96772580209019
0,194.538609141573,-5.71349101300725,-7.74632923627018
0,177.13872699891,-13.9187928847461,6.59062444541355
0,177.202180455353,-0.825228480672966,1.62523453757264
0.0106055937854049,168.144063703906,-12.6013674820862,17.5600491758055
0,187.265599473574,3.16160403930489,5.37539703909187
0,188.95310777693,7.99108516410025,0.15873789910111
0,178.01619265966,-7.24200103945786,12.7504999902485
0,180.427383472935,-7.35005510212686,3.44466486900717
0,184.940872655162,-7.65505552019965,6.19116140305628
0,175.735346343973,2.07673928121931,-1.19416738591061
0,190.527736894211,2.6224433571491,-2.44575699284776
0,194.169072586004,6.9991690852112,-0.673461303483922
0,180.400522434334,-8.49069429151491,-1.33382682202241
0,174.413244174774,-1.56270799365603,6.70648633429527
0,169.722873907075,-4.43704458227701,0.222185175863963
0,184.683892299633,-1.3723345500208,-5.92262876524622
0,181.96747588349,0.681664402905576,-0.0855443876193836
0,179.557065303147,2.6244960155331,0.801886503068204
0,192.938792180013,-13.2267068250881,-4.57950600387913
0,182.354723473282,-7.1649282000047,3.71239887337923
0,167.010713306922,-6.92458072479419,7.33317938855806
0,165.521367702212,-3.54868761615191,5.41880425817916
0,172.933019442368,0.0959818708359513,5.41466228511847
0,195.426718142133,4.58917709536262,2.87213552389326
0,187.685216597127,8.80870530251347,-7.61617564084416
0,194.257124912192,-10.8274005471765,-4.79891462297101
0,172.073464940521,0.195350068172938,1.18241185694841
0,171.499637817926,7.64097487275889,-4.44811603691049
0.00817376914743581,165.25584024957,1.75138369494185,7.67221189715415
0,181.721404856271,-8.76502379639239,1.97714135091171
0,179.801748123721,16.4119097390934,-0.059286402240769
0,161.660201381969,9.0568762931021,8.98377355959642
0,163.265852357949,4.54729899225684,0.608688739394014
0,192.739181743963,-18.6167813480548,-0.798061542928337
0,185.830690315178,12.7643449291307,-13.8180761019683
0.00844853596838664,173.848876109861,3.97815322766894,-6.54684771580551
0,182.513147490121,-6.6091325230062,1.54970140589561
0,178.566805319319,-11.4255501608412,2.34717031051574
0,182.336215740173,6.94009186442078,-6.62428044126067
0,166.19685056282,3.14131671152634,6.87336895363647
0,163.04310472229,3.45039018734525,5.64875967874275
0,187.221949494214,0.333635569288942,-0.237169536053535
0,178.296215218906,-1.15485780351975,3.26066145106208
0.00189081852670322,175.032954313511,-9.54967830181739,-13.3953845946765
0,184.226864526949,-0.123657598170432,0.170225114143644
0,198.040703653779,-2.20963282289098,-0.361939000537885
0,195.26906422533,-0.639523021404594,-11.2304829429385
0,172.920723174026,-3.41432312152755,11.9269022253959
0,174.561414968268,7.7880988288333,7.19869390621241
0.00196979061473905,173.573130899008,6.99530489473629,-3.87643711283916
0,163.182671421135,-11.974213267294,8.35867780684353
0,195.961836338398,0.196585696323229,-7.62406338729927
0,181.408805038912,-2.59778630736806,0.917228526927488
0,171.54751321459,-5.39533646915216,-0.722330211227199
0.00148956366503822,184.586111127427,4.21402618605904,6.42925737665732
0.0125286739410698,182.591701493657,-9.45412569367128,-8.45538451613109
0,178.182159350374,-14.2663486177897,2.05436237282506
0.0174638776467541,171.716476709064,-6.56001131149086,4.84233131319827
0,176.1186813696,-1.44383858923825,0.445570550615813
0,173.034192601247,6.45624380983669,10.1181586201774
0,175.16143435838,7.91013071331083,4.25336326530789
0,177.608386692091,-13.2322394402999,0.587439252272634
0,191.898973472304,-0.961836727876617,-6.94537341587844
0,182.160569601305,17.0462973765485,-7.12254298210644
0,172.599818182426,7.17148733984267,-3.49145308375502
0,169.801253118169,-7.24476628083378,4.1102151718331
0,184.622125970243,6.86183956437576,3.05018938360066
0,166.563043262968,3.80037930944649,3.2023796062272
0,180.223233499829,-14.6682962282418,2.91416694641159
0,164.317373293018,4.20794134537511,14.9763885696594
0,168.696476219078,10.6004477006309,4.54516130760123
0,187.055766212865,4.46945726990226,-6.06932186794437
0,176.091744334285,-9.27437058663092,16.7383982726092
0,173.818377361878,14.9542403564551,12.4395956912457
0,174.738540509837,-20.6994402661635,4.92570255845035
0,158.372125016195,4.69750805126784,4.04426835522695
0,172.523146364175,-13.2572640499698,2.71329833429353
0,183.2143387725,-2.73703942328763,9.39697398767366
0,179.300462397965,-11.5138834769633,0.459408577557243
0,170.505608397079,-11.2787926687395,13.8112737627498
0,170.124066893905,3.50405514826699,7.74488565493675
0,181.735392051503,9.10536058375123,-1.38583752595414
0,188.068825210924,4.90221951441887,-1.14151185035446
0,184.723826039672,8.65957643586037,6.5185972831114
0,174.54509847375,4.72456019983502,-0.992108128918664
0,175.372899015219,-2.6521136568374,-9.20135666438945
0,182.236686643543,-9.57295089036506,8.08644307024809
0,190.141698918786,11.9299203240681,-2.67982289991025
0,187.472258604856,-11.7975198778732,4.42699563968287
0,175.963406149949,-4.85608193402307,1.94205391415676
0,174.403902911998,9.06464614569628,-5.02820591215871
0,179.264713543649,1.1191131844374,-2.78521462847265
0,165.509410885859,-2.86350981025732,8.29713972487599
0,178.087611838354,-5.54145705832299,0.874146044125002
0,163.99520422274,17.0330430350472,-1.678747391269
0,181.468737314268,12.5210042421927,1.79055785870868
0,177.851483714564,0.420433388130004,-0.605559446668852
0,197.442608247146,18.5761406802477,-7.36169563658195
0,194.390468746764,-16.0103869581895,-9.79994363518562
0,167.996608546136,-7.88502382334424,9.30195149619007
0.00145911111277508,168.635321663236,-1.05684666247719,18.13627177816
0,170.483530085019,12.3449698076139,3.45445785209539
0.00213234843693977,175.313108600395,11.5108018695787,-4.12801021310057
0,154.097431442423,-1.78256406319302,9.87214122605639
0.00312371712395145,176.80420846259,-5.26511355517381,8.96060073652683
0.00174241013149578,167.676211465909,-0.111216317608286,4.65210933606091
0,177.886647394181,-7.57184898397183,-2.72043368111891
0,171.63819122725,-14.5693357611923,-2.38423576646653
0,179.33756272718,5.05233545519043,-0.975940253494852
0,175.554082781321,10.4770141146497,-8.929380732229
0,175.067997664998,2.62177398739293,5.60536229445159
0,179.643677491602,24.5982581292881,13.749913065821
0,171.576617422869,-2.82311012278612,13.8937518091214
0,171.661347426039,6.09099059927599,10.6417817197093
0,187.653500635106,4.49365914711114,1.09549526355534
0,188.366924855233,-11.9652397969493,5.01277158809102
0,171.77983896945,-14.8976366184315,21.6684730219657
0,164.021680211323,-7.0235067756234,7.98324665718283
0.00187508187607536,167.952242931053,-7.53852728460812,1.02167458622183
0,176.746834743275,-5.52121612020535,4.09547125515365
0,172.357942173826,3.14059571743977,8.07345796293913
0,176.051662400653,-2.98103006457772,-8.05637803788738
0,180.311938131147,-14.4862240130536,2.38234202520227
0.00134331493885458,176.564488227446,8.70933679841892,5.97310248758602
0,189.309023188107,-15.720585917572,-3.19013717631208
0.00181542689674717,171.287753912548,3.27866560756571,-3.6794664345287
0,195.58687868389,-1.9909475777307,3.14901870142973
0,175.296223397132,8.93513020030416,1.21081936436145
0,172.385080600433,10.4073530328572,3.41434632377955
0,158.936157428954,-5.05241239938961,6.20458133427296
0,173.103378743158,-10.7773363857742,0.0780091427199372
0,189.143711335746,-4.47121710839492,-4.34883977778584
0,196.160874265868,0.391880712644689,-7.03612909757655
0.00296411805577677,187.14788562987,5.81402754107876,-1.26437020899331
0,178.520779176032,6.10329963269157,9.31556050881471
0,177.699033039453,27.6626905731558,5.60843536210126
0.00169942423448549,180.597574314342,17.4832729412363,13.1252546701996
0,172.637138902112,-4.46220739860153,5.65707484239457
0,188.524492642426,10.6757435528537,-6.16082075396666
0,178.076536583884,4.69438434635446,-1.40680145208256
0,174.996140238586,2.57103793785379,-5.49066069133973
0,179.46593004359,0.148137347023742,17.0625314621304
0,181.95448171199,10.3503499756407,2.72239462641105
0,187.63442166003,2.99903467878251,-11.3521581153654
0,166.370557518867,3.29086335477737,5.95023789650181
0,180.990013746318,11.8887165285258,-3.91165850246121
0,177.754866558696,-4.46634872042084,4.05866998488305
0,185.518071498639,-12.6530476621578,7.7032536258268
0,187.50313733641,12.0874249389931,-2.76501499625134
0,187.857748137328,-4.43965295178981,6.35935929990342
0,175.360227829753,2.68750864155783,-1.83643425884448
0,185.569520007478,10.3855000193892,0.135396384106553
0,194.980042388522,2.04570602734299,-6.01915525940913
0,174.116731595179,13.4441712592309,-1.97275010516536
0,160.300563169061,-3.74126513673814,9.58103715844496
0,183.038615370306,-2.655343250011,1.13550118315617
0,168.009027675833,9.43071577699555,3.01428229633955
0,177.292264427032,-7.15611065156423,5.17189690715989
0,170.621811172784,0.377241143016054,2.01422356040245
0.0019618199159885,151.561806142693,-4.95093242356857,3.8039836601796
0,164.091676984852,0.249868953110806,0.543458709471716
0,175.266884865651,-4.48406012757656,-2.73888832785119
0,169.596790291924,-11.3996060305121,4.25311786914732
0,170.949615399413,0.838262315432376,14.21426264693
0,177.848224722141,-4.81774364010506,2.02066267886732
0,184.310074595836,-5.18037299484337,-1.85660072012045
0,204.880420589521,-7.12999624109761,-16.5728846331395
0,170.991417392007,21.0384111808081,5.45456797663102
0,174.609200435487,-1.25660190750394,4.53986940307558
0,179.721052279458,5.78244392763262,-11.2832834412373
0,186.471917656903,-2.04933619642593,5.07231449903272
0,177.324692224941,-7.07846902420391,9.95910446391705
0.0409788256669202,178.704662092097,0.259410528579634,8.21142829539051
0,182.700190602881,3.14798308292583,0.530019088871977
0.00129532356542926,183.766001453426,-14.6765105230778,5.70488975833982
0,178.122965509756,9.1585882864955,1.11255443794179
0,170.861290751666,-0.0669693335931929,8.35120679549493
0,187.46217764073,-12.7497237154792,-4.07533794441374
0,177.726765507043,-0.253374182804121,2.18090694441273
0,165.313927071386,-0.866303588940791,2.21637544828512
0,177.239312449866,16.3051371264867,3.73864374487173
0.00192266052159946,166.396757386055,3.37564070993617,10.234910155489
0,165.481166707061,-9.89973485121158,11.3065896543728
0,165.891955545659,3.82142549113298,-3.2592466943877
0,179.903325331796,13.0383985006263,-2.83465157454611
0,175.98979474231,10.9414725452191,0.952151089528606
0.00250114283380954,195.840917966583,12.4429977217552,-3.31224371358397
0.00156543021817898,175.869212022649,-4.63193310894742,1.25795388706882
0,167.786633424895,14.1089068188987,2.45194059771842
0,171.392463451857,-2.11122273829445,7.53398827448248
0,181.37583639772,-10.8027326272925,-3.78741073736009
0,172.133482078875,-3.26926011866078,9.25166253096604
0,194.257468164017,-9.56982764311418,6.17029246787278
0,168.46066221504,-16.3128107363671,-0.73371145853704
0,175.961067984378,2.85549342105709,12.2210811517254
0,187.95039193166,0.521587411768301,5.53476330633654
0,179.958787733751,-9.54964991189906,-2.62844089314431
0,173.652599396337,-1.5059332976596,1.62098774619245
0,188.891457975834,-1.29517556364135,6.98745815978921
0,172.390215445083,9.03652687660185,3.28494982335316
0,167.980222387963,3.71690490459225,4.70941643950623
0,181.302804822075,-0.0284473661063176,2.57409406456927
0,179.599258678819,-14.1023210703154,2.63838264665761
0,170.93761171842,-13.0823325968677,8.33132280939156
0,179.790979389332,20.0900350443693,-5.72313010893403
0,170.209692391689,-0.671455870922587,13.4275658782445
0,181.303397596445,-1.2878077551873,-1.29169241554537
0,176.738053322959,-1.56096237486104,6.29756512484199
0,175.339317333867,-0.121052553513875,6.86591393326312
0.00443594655163065,183.445231989299,4.38863158802438,2.7059382702312
0,173.804133044431,-15.6733946496619,1.0817496151718
0,176.688789719652,-3.820399095147,0.915213861334375
0,164.84466382773,-7.76227370312441,8.43343531932186
0,172.242943946039,-9.4620741187528,7.87319324267917
0,155.39602149489,-7.03432700570248,7.68597825662137
0.00171999146839122,172.419310787079,-1.055215335229,9.45342589059554
0,164.856463584207,11.8214184101901,10.0587878892911
0,194.319698073364,-6.46301394322114,-6.40378266952124
0,192.50208592868,-7.52462691166445,-5.77757162045951
0,176.206547503838,4.09269962134579,10.410151413946
0.00200253518758925,183.103615359882,-2.33814181305811,-2.17094807691161
0,176.33128597715,-4.96974338653531,-1.51578328323111
0,177.467156931818,11.7990095717962,0.281588546745241
0,189.68494980072,-1.20320950068311,-8.48551709452962
0,167.237811754464,-7.23479239736408,7.13140225947183
0,175.381552507732,-10.8650296274882,4.14226727088257
0,174.791491220391,-3.01005836829373,5.43063099571613
0,169.14148764465,-4.29921423023158,-0.45963609024625
0,170.044866918299,10.1071798360163,-9.70130645103326
0,188.214514711703,7.10142274320531,-2.499632630663
0,190.900851628402,-5.41895973107933,-6.07701165681279
0,189.219805578969,-1.74741632507398,5.17945937184597
0.0016752121081863,176.580466536587,2.04896421885689,-5.47950688714183
0,181.968580369069,0.338683307158154,-2.74303083155299
0,183.538326697468,-8.60610121439105,7.89516464477829
0,171.679206653854,7.53112752698208,-7.11240513918944
0,181.219684682633,-1.96979611882527,-4.84425314442638
0,188.994917369196,0.953193757890447,1.70265807514381
0,174.932625984771,6.01820047152492,-0.112589437470055
0,191.9535036479,-0.224987757552469,-6.92747257788325
0,184.50929491542,4.06098764222588,11.5849541394761
0,163.910744007906,-9.90086132438092,2.63590271166122
0.00170214938302675,163.754335170602,6.43019636157897,10.1526393782807
0,186.059033842219,-6.54773595708785,-2.38181839003034
0,179.738636652491,-5.17868723335615,7.3506540067006
0,188.012357119119,8.6375616424082,-6.67928411200854
0,171.358118003528,15.2096517756538,17.1546925190014
0,188.851244314565,-6.00866189436395,1.87634249935163
0,169.570157243465,-20.8068788791408,6.29921191822241
0,169.837274294044,6.96875368622857,8.9270300984474
0,184.418136856849,-3.49377287201157,4.692058510459
0,183.298297409021,0.53240387293482,1.2632444111854
0,172.027726318136,-0.530815869395293,7.05578513311922
0,171.310136211465,2.21855456995119,6.75356770383209
0,163.654099304531,-3.24166157548907,4.82304265447955
0,171.766315354175,-1.31621299036785,1.10226031441215
0,197.060986947422,-0.9958427452434,-0.304061983583053
0,180.604920663372,-22.5516943255239,-4.52444403434986
0.00472822258878872,188.805420829182,1.85699644728111,1.9725072471763
0,173.724578417492,11.1068294810476,-0.10219944999653
0,188.174236453226,7.52732823861635,-3.27003662349826
0,177.814045199971,-1.84967982899654,6.95444897712146
0,173.634423515547,1.22318577133801,6.5145473608233
0.00318091140908376,188.675960426701,16.9209499004022,0.679360068489306
0,187.524620340876,14.080524539822,4.49094678709135
0,192.605988636207,6.69678053467706,-10.0019842244951
0,174.979096708836,9.48641136387176,8.9643260796197
0,187.73288553605,1.43514566600828,-4.66898562356323
0,180.260831607522,-13.5232422234885,3.2297039526607
0,160.804050266303,10.5313358138426,7.53867759581741
0,180.820732332257,0.210297513552357,6.36846393384775
0,172.054838145894,5.77431213202902,7.40419125751918
0,163.610251733715,10.3242032071982,2.40402942715404
0,177.507161602124,16.1217587573564,7.85357383992759
0,173.508892143185,3.9736269603517,-4.58832566004097
0,148.001641274626,3.63765241901652,8.51900071241324
0.00155831358506127,180.853678174434,12.3728940877433,7.7745869124011
0,166.87974690289,-12.0667103721352,-0.325928616839709
0,187.524146628025,2.8985795503165,-9.42061521965718
0,182.018448146254,-10.1579504205205,4.21844120180628
0,180.468460963521,1.57623255889028,-0.487380390266875
0,185.207333600775,-0.582625553112343,5.78972634492198
0,186.986545872432,-4.74861100265146,-5.28367332945701
0,180.264058934648,13.2063849623445,4.10949182758772
0,179.389733204802,-9.45097080091367,-6.26608135851101
0,197.654498485583,-2.46127102997277,-8.58045745414771
0,194.068763256442,-2.71935278123952,-5.27581992005893
0,196.382004438129,5.10476150887189,5.00914585709744
0.0209608885634564,187.414822821558,0.253233927800661,-8.8018637082214
0,166.14640647722,14.4491226547164,9.95683565524339
0,172.976716286368,-0.479556380118485,-10.2945741268214
0,181.025457347166,-4.36820859918437,3.09823927785451
0,185.069255170914,-13.4438529240365,-6.28269894053239
0,195.363262152466,9.62518133414478,1.34604729403277
0,173.084602488326,15.3317650374722,5.47405895186253
0,183.454824041232,5.05479384746388,-10.5206587900716
0,182.283609548056,5.07061383259099,8.97353573350243
0,183.640049565912,1.00652806816722,-11.7510058515143
0,171.185784054784,17.6834448425928,-1.74680245369945
0,172.478822547284,-7.74218192340131,2.33047237780184
0,174.24376770248,1.25102840076599,10.3992034935546
0,168.070934599145,5.75556881034338,-9.27294655861872
0,160.599287253037,15.5665277536318,7.78843280124219
0,182.263840269493,6.0668597367538,4.80158774554344
0,189.186329026405,6.73311108050885,4.03582060303707
0,182.429407977458,1.56652301138723,10.6706320514654
0,184.330801432997,-3.66053626284903,-7.7751056295565
0,179.926406800482,-3.65899468360432,8.82368491909304
0,173.472259193762,2.98137159274716,3.52518982580165
0,172.748650147333,0.253205600347079,2.23645135083012
0,171.248775197883,-5.34957713073553,6.88252289638632
0,170.728967806287,12.4603051916561,0.886514657776987
0,186.695551920893,-6.28570049408664,-1.97483412703704
0,204.125851748377,4.04024773818218,1.2603526867366
0,191.685251713057,10.4065385618227,-8.62555821869555
0,180.704356030721,-13.5118163104829,-3.73356906428724
0,184.884617354156,-3.83659569693293,6.87604843153307
0,178.337500433844,-7.25338589147838,-6.84304559182023
0,174.478773608125,0.138335354168827,-1.39405641225832
0,182.638920785356,-12.1729695319422,-0.111536826081093
0,187.109231167851,1.42678727675146,1.38602129847706
0,159.824537484462,-1.69658987111035,7.7598827950425
0.00357359451677859,178.516095245219,-1.46139591565366,0.942757757747776
0,173.370599655913,4.13563508532594,17.1746992081328
0,174.534543796772,-16.1441241549202,0.51639298564514
0,180.240492353603,7.11418615384984,11.519545469654
0,168.363847467715,11.6834202716493,4.9605837489796
0,176.213955916852,-12.425249846938,3.92332733777597
0,166.247563170144,4.7162547881053,8.92740402602978
0,161.505587333731,6.22961060467894,-1.49225735977921
0,184.68921840268,-3.74511109616537,-8.41190273887427
0,189.073392842794,-13.6657797160202,-0.435373238785715
0,177.124035567461,9.84824956115092,6.19327877244443
0,172.041527321418,5.77549764489825,-1.81434911740857
0.00463526502052689,194.541597079049,-1.77480291855566,0.649691611820278
0,174.571666925001,-9.22561184691074,2.81708334586771
0,169.804072596263,-1.61973773630721,-0.285391895319534
0,185.004440106676,-2.69539175448932,-2.51961077340493
0,180.754883712707,-12.0772820296285,0.0997841457587488
0,172.980897372256,-16.8149341675701,11.3945188025534
0,174.890427542651,4.07610773274475,-3.66849693967947
0,190.836339284409,25.6747967076617,13.4502078326008
0,202.08072697406,1.377910183034,-7.94697346512122
0,193.472638697928,-1.09078958511515,4.05096775687147
0,174.178675250235,9.41232172199567,3.87182289021029
0,162.290244540601,2.01235919117551,5.85354205236947
0,181.96765574238,-3.22276285017109,-3.11813265469768
0,189.194463208038,9.55871663654499,-6.97593847297359
0,181.494278543268,-0.531130963844375,12.4004576209704
0,182.652885181573,2.19471604337316,-14.6898078898022
0,174.726495030651,6.99707614757918,6.67482682556293
0,185.217717285146,2.47860512346204,0.217889516023799
0,189.970257931432,-6.50327190993194,-5.78625560071677
0,174.358727931909,1.39401873488348,11.0224922067307
0,169.801811694018,-4.64737710546473,4.79210553508595
0,194.3033448471,-2.06404300842713,-6.57430413126828
0,175.737232329095,-8.22690720320759,-5.97684141707062
0.0014531781802927,184.6463537227,3.59205819286193,0.232873570692727
0,179.833727541017,-2.32318921340937,7.48252004162701
0.00366501113469675,180.072830936164,8.94228388115128,-1.39241897220069
0,168.966574874073,3.83780567248143,2.62744896285562
0,173.888415933599,3.63905660179303,5.34824120646604
0,172.218161417569,-11.0339495425964,8.4016032248225
0,172.806641973256,-4.8106237573246,11.5546056829116
0,179.800190191082,0.868542211680028,3.79946233623586
0,165.871047582996,6.7944201432119,14.7425599006141
0,173.703200541813,3.23922631125208,11.2629510745207
0.00292736959935681,172.216386894295,8.11004721919956,-5.01169743687818
0,181.177104990331,-2.04277052252802,3.08811052139359
0,188.011706080602,-6.42862397175237,1.23315054361312
0,175.574905880986,2.39614730206233,7.44294065605796
0.00258351924288231,171.649851656418,0.555926103390468,0.274129573157404
0,174.221956645531,2.28139404122308,6.43512067652945
0,163.069613642782,-2.9457309199517,7.80458671424886
0,180.023681327927,-5.01017137239234,2.74289430464355
0,191.768223658907,-3.84158493069107,-1.53336953329827
0,176.590133318622,8.26257273820933,2.60014094384117
0,166.783846649359,19.4468328171999,-1.07563357427438
0,180.749239690073,-6.96982641250302,-7.81508700113018
0,160.702619985208,-2.09531585419024,8.28623095070865
0,170.642455680171,-7.71834322860139,4.93882780943945
0,187.013433509883,-4.25806530966041,-6.40841452576268
0.0016783450090061,175.189535410033,3.56537971212273,2.86095825768895
0,187.427259683822,-5.02820747563277,-1.46296545807733
0,178.561293024323,-9.65783286717217,2.40558969711893
0,177.897972171195,-1.38180987822377,-1.32867713356859
0,179.103795567975,0.574937070437445,8.65182654229904
0,167.126740023573,-5.160942020403,7.39556838139076
0,178.705206735215,-5.3687636268142,2.1849646902558
0,168.796047113901,-2.06777401169194,0.833923145494304
0.00142793585131782,181.516731772451,-3.08824293676206,-0.671066924588536
0,181.739478141498,7.22296690046356,2.31745684212102
0,179.114908820801,-10.7354954151775,11.1666552422596
0,185.481533545109,5.12368672913804,-0.948815596343997
0,177.863610256911,-8.47429965297906,8.32963289183404
0.00865402818990292,170.081352940741,-6.49880450048652,7.8402692099756
0,172.116618408015,-8.0314126423238,6.87097770911077
0,171.509071543371,2.137847801161,1.18781478792358
0,188.651023371579,-10.2510239921035,4.62711204760545
0,176.752087382831,5.75586160982544,7.9331031544194
0,181.167992984309,8.78996218739442,3.67424340697292
0,170.073572143829,-2.79444711105582,1.12600942486932
0,175.855623810166,-19.6584907115164,11.0931402958477
0,183.570282049138,-4.13255626628106,-2.48789474211646
0,172.518236976444,17.1024751767386,1.74450145248867
0,183.25235486212,-9.89288464791674,8.92948233825249
0,189.228189283147,1.66831522683288,-1.6471480614451
0,175.775281350624,-22.492735520577,-9.89371404122268
0,168.762752953451,4.16034555328887,9.43196477476635
0,183.833453603643,6.36178672203156,-3.62244659965225
0.00200898757507932,166.406036584847,17.8175048274504,9.58535559256084
0,183.070878508668,-10.3340570519778,-2.51655781692997
0,184.406667686078,-11.9523004064137,-2.87437131159882
0.00292868664667993,172.160237988689,-1.13203341252031,6.9093026937084
0,177.134488915486,3.45079291055759,-0.503691145450452
0,184.612278062706,7.46758390793299,-1.29917922490883
0,173.622809951019,-0.765619297726906,1.89797254212167
0,170.133655146002,11.7168531854752,8.39612894797381
0,182.916121333285,7.80239521837824,-12.2356297293899
0,183.281607263991,-0.429764871771179,-2.56517267869137
0,189.395436518494,-3.56277785873444,-2.60019197197339
0,182.792729268425,-4.59518611250204,-0.876892403086243
0.00385753389813807,178.112585625221,20.0987881242431,9.92656864776138
0,163.61343852926,-5.32664618972063,9.93532916898006
0,183.618239775576,12.3094442332273,-10.4790863313027
0,183.959579016987,8.75077857846305,-1.53930787064865
0,183.187519532091,8.23230716556111,1.67256059080082
0.00538933357414139,178.967424530958,10.1868226607044,0.831784565304497
0,187.210049675397,0.273288033241239,-5.2890449167353
0,183.368391711666,1.17337507579947,-0.353150417186187
0,159.133699487768,-10.7834344096121,8.46692734830014
0,198.79425160573,9.4583678540017,4.37909769633791
0,191.139729566631,-3.42734749133161,-5.28363259996804
0,180.872605156083,-11.334413872162,9.92393164094512
0,174.602239136475,-1.02548974496257,3.1811119604183
0,176.82073268146,-3.93694495940338,11.627273068053
0,181.070523398631,-6.58462994730782,7.22944191945953
0,177.092049817105,11.9085550205025,1.85936171141971
0.00251871822579841,175.262996367113,-12.3029848687628,4.38039227760329
0,196.098858413933,-3.18550531264909,-0.318219952485328
0.00668589377088003,189.377407564684,-5.09272892339928,-0.418135519124291
0,182.754502921229,-5.63801746898819,9.17814477425901
0,183.217011323612,-3.06772911799512,4.59071387162489
0,184.632225933547,3.72205411737084,-5.22875371028331
0,164.941401311729,0.790048738338741,5.62954122297822
0,179.727549998515,-7.05078447016774,1.9310393531571
0,171.570181767796,-4.78625698926339,9.29567796744054
0,175.761010434327,-6.51148138817935,-1.07002932127467
0,181.391069939063,-2.56977163023572,-0.275337687441981
0,190.431256532428,-1.31205537638187,-8.17827413513703
0,193.141718606021,0.243869872195416,1.68454792984109
0,161.609881424335,5.51142825798946,5.72645500166552
0,175.420215836034,8.13702643368063,-7.06165926351266
0,174.6955314361,2.97965444798145,5.78622057098137
0.0013771904707397,162.238974624041,2.98889907222715,2.24808198493202
0,184.088938090516,-10.3229367140412,-2.52653338632939
0,182.370894307432,8.85662767081147,5.29190100288125
0,180.7628114366,-7.74729190089716,11.9477295998764
0,173.466097126859,-5.88511825168306,3.75784925991973
0,186.992548346235,5.34956510781787,1.0357742081026
0,184.774555112951,1.49469019732262,3.83232354857619
0,180.515979175629,13.3910541277475,-3.9154421839171
0,186.356876364311,-3.24240428009527,4.69279607192821
0,186.840481454531,2.66479576683048,-4.1298131411364
0,171.513777006586,-1.96721888025812,4.11535157995699
0,167.555789605959,7.53815426740305,7.73769141807949
0,184.538723376346,11.1087164557099,-2.90351037149608
0,163.873043304649,2.47440057556785,12.1418974441655
0,173.905158009717,0.455795167580414,1.49831841453683
0,167.738296981499,4.00585812418493,20.1612263912474
0,188.732528580846,4.31564424484204,-1.94072540649368
0,183.098561578393,3.7822999682318,-2.45037347719524
0,176.240434438659,12.238028973114,6.67594815312141
0,180.371986934798,9.31501894811575,0.275087765061102
0,181.855907640734,-11.4163280387475,5.62585353437706
0,177.939971755246,1.01397346154796,3.82474321742628
0,172.644331991102,2.71212535766613,6.29267523105948
0,168.535478446854,7.03626375425436,4.83722195416526
0,184.028033057219,-1.16599817965241,3.52167333389997
0,178.736915097564,0.567923879918899,2.76118389353852
0,183.571732319766,-0.22157720709881,0.815255868762867
0,176.140816679195,-10.8927622039272,8.65745368337163
0,200.377350556799,-14.420454566643,-11.3204257269717
0,180.140683335743,7.8489411673152,-8.66984085090889
0,177.334533799418,-6.48693230221983,-3.95601783767323
0,185.805735527489,-13.0650113624579,5.19014154122776
0,177.89066255391,-8.54229621872,6.24264945393507
0.00150922284780504,189.095212766026,8.43727871460215,0.504661293477825
0,173.506788300816,-5.09082950959383,8.58830387738952
0,186.321365633033,-6.13708820718135,10.2272162402365
0,165.081487321454,2.89714951579317,-1.046511094129
0,189.931478074835,2.48104866025801,9.4121945462444
0,172.844169150682,12.2406940828818,5.86228289657434
0.00138037511803537,176.808474411475,-11.5959298461661,-2.39873028614929
0,169.341522395687,1.55189246389455,0.0218044740301902
0,188.784519199579,3.94138532470562,7.2118194886976
0,157.383534426854,-8.26666217285153,13.0388683740602
0,168.505732066341,3.75149818335129,3.99440726238829
0,182.335145453116,7.82627471193497,16.6863318946524
0,178.373159358715,6.38160742701687,-3.81237577668908
0,186.304156177123,2.64055672990017,-0.719119701343076
0,176.217795017526,0.839100095094458,-0.291237353775583
0,188.353697627142,6.10263396876475,3.95448695041414
0,193.964820017335,4.22614416888096,-3.08409193538079
0,171.184768232038,-0.789350652115859,8.82823403366461
0,180.552705854333,0.32252822401978,2.57606309069691
0,177.456459127696,4.3242794803319,7.36764164720081
0,182.494692954712,-15.9370538497488,-0.652363894520165
0,171.308397153324,-6.73140832613656,-1.03960956336593
0,187.55456051301,1.45912960309603,-4.12244558625212
0,199.0885691469,-0.0996225247194624,4.57184629704338
0,190.443153818022,-9.25143655948644,-5.04862386423733
0,167.111671141778,22.0761038804395,7.75933441146146
0,168.942485182313,-15.7417272534776,-1.41133657826156
0,171.231914060246,9.44991128005783,12.7386752973497
0,183.662658588359,1.63531138768409,9.80773515871781
0.00210362690380664,166.122489044679,-15.37829172995,2.43374045339361
0,192.594449801782,4.29996035741116,-7.30303931438988
0,177.332009441898,3.84719989546721,7.15632671186754
0,175.82157981547,-9.09178204897547,1.26363576952454
0,160.276701467443,10.8377867845619,2.28773137059946
0,179.831599633022,-4.54780920925893,4.9149982678896
0.00151455074456966,156.737889142816,10.332645017197,1.41714984510818
0,184.279547982391,0.378824205037469,-7.89839128324566
0,179.076400019151,-10.938993508656,-4.34042382942918
0,169.983657898145,7.09155275901932,1.07879212338431
0,181.367643951939,-8.51856521561794,-0.0192579433801026
0,180.511067254674,14.8080777761311,-0.976062445672529
0.0038595141959643,160.874395358104,1.02944038664747,10.4926215439932
0,167.514082609257,-4.97956522462593,1.89511412808158
0,186.900423862783,8.87679828908544,-5.71921649956723
0,173.496630073364,2.77927112139138,-1.28217046761331
0,153.00469495607,24.3011861822116,6.88292023649807
0,175.451645543764,-16.0474395519685,5.18846578399548
0,177.484432251546,-2.22306854717481,-4.97243410066484
0,182.892153236267,-1.63275608475704,-6.52226282826894
0,186.799477427434,-4.72073030188781,2.70946516591482
0.00310577900906928,174.857384171358,-7.03687937711565,3.37779366320245
0,171.813281323493,-7.95214428946538,9.53170998705222
0,177.742156108262,-3.64579083093561,-1.00326543114241
0,171.511864422614,12.0044111949503,-10.2049305204776
0,166.390461058291,14.2636459846443,-7.97790096123298
0,193.525130894974,1.5977619431219,-11.249931808272
0,160.680451743703,-19.1710066223478,8.12092412521355
0,176.636519179689,3.90299704167297,5.02296715585591
0,168.298998204956,2.91473275827553,5.27385867543078
0,172.998472879005,16.4380783368004,-3.77892497691775
0,157.718539342145,1.19948779415175,5.52422478855614
0,191.117182608167,4.11438937051867,-3.48042330362173
0,163.261191226151,3.75994601965212,9.0671592521405
0,193.232048300408,-0.399098960703349,-7.23238926598254
0,190.088235230412,-3.11419509226497,5.80691992736418
0,179.621290126238,-2.86894866897594,9.35290697634579
0,175.333606180802,-5.98775067116513,8.58305582930097
0,183.605617987974,-8.72361250409255,4.24908464535596
0,174.892179266912,-2.50975766088529,-0.515605530304565
0,174.142681939822,-7.89553354549469,1.12446337537519
0.00486731711590343,188.73097951449,10.9577670323561,-1.8895109598657
0,170.954907303939,0.607412341554673,9.0448837840217
0,165.765013167639,-13.3551900513302,-1.04353888292586
0,168.326962462523,-15.7691520135383,5.76317149985274
0,175.386365632958,-6.49970735975661,-2.95244698607752
0,182.785083998986,-6.34595203975346,7.90760938378466
0,190.019655795602,-3.50684831447718,-10.7141318977326
0,169.750634240127,9.49300208984403,11.4187159188354
0.00344957761906792,159.07695654118,-10.8393518517885,0.95292084137031
0,165.673178738312,-7.34272161217595,8.94540891421361
0,190.237236921313,-9.6570432979256,0.670140400456234
0,178.469819579388,16.3939571778137,-10.0153324189698
0.00135867816900039,167.780470091381,-2.10475051475053,7.71725178516746
0,175.931990374949,2.57579182918334,0.667144816305344
0,164.505240970126,-4.26970450823576,2.34089269496375
0,181.280018473962,23.9291824249847,-3.93745782837414
0.0118738790111458,182.190186787404,16.6195015717154,6.74080511450622
0,182.674520179467,7.86931444163807,-2.63151690962482
0,178.278103935322,1.92545865617015,-4.55991853854875
0,191.139966423056,-2.97000086394412,3.09773505499428
0,177.753166765524,-5.99871087670247,-1.55002152968453
0,195.225965222148,1.35461731632664,-7.90396320393565
0,177.331592726582,-14.1686513190409,9.8472355591603
0,182.120542131985,-3.86091334420132,4.55883994553577
0,190.704338058453,-4.1195480433049,-2.83497134457428
0,169.65534322692,8.59324350547998,1.01887502696123
0,179.106469385699,-2.17885406709288,0.550472459080672
0.00142771816782562,174.508326197017,4.36461141643561,0.423625262491752
0,175.279497786969,-5.36539591109702,12.254992547988
0,168.851320790683,-0.26737175336815,1.57543086035044
0,186.904176833848,11.7143686272758,9.43243999171925
0,183.669664218788,-14.4189361265671,2.59869306295405
0,180.009875258198,7.22696230896287,-6.6674927567308
0,182.745008398413,18.4151593739788,6.67067079484183
0,186.297344338316,-7.42231754253747,0.986447697228181
0,185.537258135728,5.21970926019512,6.42452559166361
0,169.498202287937,4.84830370991585,13.1115795364755
0,163.772309660101,10.3864915192278,5.5797528823976
0,175.98427358103,6.17590070129935,-3.60767546194924
0,174.759065955706,-6.29496135421888,9.27782926833685
0,194.933205613618,-9.99058467779746,1.70966947212011
0,180.413056825714,-2.80953062815603,6.80748229614794
0,188.530663575612,-2.65490444567642,1.52912326946689
0,190.935883580382,0.863429107236049,3.62773342783488
0,180.776405982142,10.7364366562516,-2.40735380053135
0,180.476851000759,-1.27940466219928,-5.85066532935539
0,172.977727042665,-3.64720976776169,4.3235175563744
0,171.426943161047,-21.2960448705885,6.83799762883055
0,175.108483647826,16.2090479102921,-9.51281344367116
0,167.47404374043,1.71857837247015,5.17233751493211
0,190.928706957346,5.66229505223364,3.32259138548191
0,172.492766677711,1.57309095071453,3.31393542530219
0,196.752336425972,0.866863495721516,-17.9521770212544
0,183.400273599846,3.64139557878697,5.09908025972212
0,181.460895719984,11.976102260619,-0.624952808672986
0,173.365412880175,-13.1742871539432,2.42206766486435
0,176.82143185123,-1.42213341312823,3.50765472075618
0,186.972573876544,0.322515053235082,-1.60385937818316
0,165.033928577766,-3.91483774781171,1.90319772130969
0,184.371856124569,-12.6106530535198,4.07222641332296
0,178.448914149949,3.83210303936041,-2.65478653449854
0,182.918201110027,3.5022902037451,3.28164798382413
0,184.960140355412,-7.93141031771726,-4.22544293344528
0,190.147852119405,7.80620050645201,2.53450554059326
0,182.350776710596,5.01269757540572,4.19666467487503
0,186.57493500271,5.24090617364563,-9.52191927495956
0,187.631670578979,-3.91590746217212,13.7467708391824
0,183.221023950117,8.41349928338565,13.2471389127535
0,173.8426545122,-7.56441976092057,8.88508474121825
0,179.343159885174,-4.80530348267144,8.32477575184368
0,174.717168967218,-0.555029434314971,8.41670226781391
0,172.66321210811,-3.28881648767943,0.0721750945941038
0,180.457513636854,8.29800181260164,-9.78931549471776
0,175.755842657768,-2.94861508369225,-4.763562990022
0,164.399932323388,17.1559344319711,1.37867563965126
0,163.78363823695,1.79807594744887,7.98807260685511
0,187.046478147789,0.70379991906771,-7.53184030602672
0,166.511931672896,-6.54972451117974,-0.120265341847661
0,179.772120804726,-2.9886377172514,-1.99293503034027
0,184.781646872989,-12.6403250997471,0.863247766509026
0,181.452959129808,10.0335551198714,0.692087959575853
0,160.13858123939,8.76542603472986,14.6945486598241
0.00239658261102265,188.879223771475,6.99274432992738,3.22063592429509
0,177.720277920882,-4.81239234335571,5.06514961689582
0,182.740842511868,-9.27494167027214,2.69274434018034
0,179.090933124112,7.53646812494272,4.35973783893982
0.0013758119744765,173.010137108008,-4.08244436944274,0.702777530720944
0,179.384771885983,-18.7927971001081,8.41661673192892
0,175.757510785642,17.6423753870754,-6.17642723335123
0,178.233816850176,-5.87803525897424,1.1233957427607
0,179.0809813544,-9.29062181105512,0.124521971734749
0,171.733707697375,9.70521452268377,1.08388779026844
0,175.62850889667,-9.66586888638303,1.41284466032178
0,178.008524591206,3.4324791175008,-7.21781353161468
0,185.536146050478,10.1776341904109,-2.6495567236423
0,162.918945090618,-5.00745246872645,0.839194962346819
0,179.701490725247,6.52518450611014,4.67857367775161
0,163.418357497371,-1.84357678818808,4.6606673675972
0,183.997147992606,4.64047151047308,6.10730715316719
0,190.574479939834,2.01873513304254,-2.67870811568864
0,164.359177818837,11.0982763279462,21.3388975969188
0,165.00648489769,-7.33527011456696,8.60096292614012
0,167.981791720109,-0.938056881053096,6.98218087077746
0,186.437568408738,-9.68539689022187,-5.75606007764397
0,195.53619520864,3.84971816731309,-4.20525815670145
0,178.691233472714,-4.45744252337189,1.83990729476375
0,192.087219866371,-16.3032715654818,-5.43985273188895
0.00135217129844198,163.077205714522,0.651585481106352,7.36345905721139
0,164.597793568401,-1.11841106583678,-2.11726663921205
0,178.706602541531,-3.51260290218776,10.9041453341471
0,180.77316092245,-2.02015694448391,1.77014552969423
0,184.085561303186,-2.53822456608819,-0.419362772050767
0,192.510494965096,-11.1699524705297,-6.76039421752621
0,180.938091524629,2.41126378895283,5.11914636086799
0,190.726323907844,-2.23898004810414,1.77145610193486
0,176.260135320179,-5.76264977944178,-3.19662408711159
0,189.663792315513,-8.82701022928694,-5.85405148763453
0,179.011425361814,1.80708208747474,3.93582943055251
0,176.103224904562,-8.83102421146234,1.53209970353432
0,190.401209964894,-13.1137175773657,3.82861118454453
0.00194590240147626,186.221622478991,17.1500205418385,12.641187266636
0,169.200462361409,11.9521450485476,2.54518872301718
0,179.314984103418,1.93148796631236,5.04000993108162
0.00170917968909098,174.831650417349,-5.93229212594418,4.69715471602427
0,182.481878642101,-1.02440988904846,0.830601178710528
0,175.997833928051,9.62389230914959,1.41984517791822
0.00153397507794603,187.128809188017,1.5421479930317,1.06780989809592
0,178.753113797176,-2.43225729909672,12.5283614365875
0,177.569356046337,-17.4981270531512,-0.403569422881366
0,168.788139655798,-0.786380046442258,8.12868006486762
0,172.346654128557,0.371007829194407,6.21066775080021
0,179.005265828135,1.54503568015506,4.42890116823045
0,163.975968187788,10.7298834437615,4.97808553495789
0,192.063692550295,-4.1836917141763,-8.66003028863283
0,184.617348310149,6.02480296684509,-7.93688181395701
0,175.368468406786,-0.981181800301996,-0.400459536901744
0,179.624165335255,5.96800725424434,-7.75741775058271
0,178.816735713003,-8.3024676486776,11.1613578754701
0,190.32600741645,6.63116984025663,-1.81369618144706
0,192.149124256458,14.4398579427975,-3.19682525080964
0,177.309822201214,-13.1532950036445,4.07569427796517
0,184.107485088594,-10.9546461006301,-9.72146535129175
0,170.117209457069,7.9429830834879,7.69316322148369
0,180.127724629375,-0.529728762622818,-3.03359452096642
0,167.178040338819,8.90583692051246,10.5392633794093
0,183.730954302103,3.53832001830887,2.04245248543274
0,168.553493467933,-17.198148667158,-3.83456550111937
0,189.112370290848,-12.3594178120878,13.490559317078
0,160.188587077272,9.63887646648334,8.62914403657112
0,184.89197256947,-7.99331519267983,-6.23064368006363
0,171.426998891971,-5.24015766043641,7.75249324267183
0,177.045552494191,4.61759286543923,-0.571085353121152
0,184.590919186206,-7.49062536083632,8.4170796389974
0,185.236683531763,-1.02483395170271,-7.04383740074863
0,166.987645770967,23.9407841150256,7.37527652399036
0,187.480918430429,9.50018041488927,-4.54971765695113
0,168.083722312905,-14.2623270062567,1.25650743854164
0,154.775831310242,7.23102712383623,8.88709242003663
0,185.374780960803,-3.33290238438867,5.44899933224794
0,167.681066389329,0.228983858730158,-2.16779888792757
0,188.003972148329,-1.03811355617424,-1.46106737582238
0,176.982308028711,-4.42781434595088,3.57667554012782
0,189.543896099502,16.3940387159549,-6.08761586524248
0,167.413777079531,11.6912170001648,7.22441926891707
0,166.469159455585,6.78042890941815,-2.63400238809693
0,175.000214929074,3.98366815716259,-3.75201422874721
0,190.482458051946,-8.43350482464998,4.54172029908949
0,159.44030696422,-0.782964477781095,14.3047651546789
0,175.158074037005,-2.4838782860897,-2.59684159548048
0,165.852942632472,14.0366635508362,2.75369989447022
0,179.268916161939,-6.96356632666184,-1.05126987873657
0,186.380812796031,1.44589254639422,3.63820138642649
0,175.718920920831,-4.84331114140605,-3.93165971077485
0.00334893818695205,188.583965137662,4.18940872037378,-7.32026008074786
0,188.933158639477,4.1659803534053,-6.52339862291025
0,176.795372577963,10.814065399794,5.22982562513452
0.0109190082579522,171.34619791892,22.9703120922867,-1.24027265780751
0,168.796979340261,0.698645771264871,-2.46726907558136
0.00641677378410755,190.348836829368,-0.156398793466899,-12.1816143956616
0,161.120366322982,-7.93819352911698,2.52445594985006
0.00136622992032137,166.44785757662,19.3194819568412,2.31638141192702
0,166.507920313003,-0.790632033528787,-0.248156632355272
0,170.39050884034,-2.22080002546791,8.48331125032105
0,178.504071298436,4.30802130438535,1.09001156195139
0,175.727835335396,-1.60754321005003,13.0121729449653
0,190.096428942804,-8.66259268409176,-5.98032091870968
0,194.211676343932,-5.46453365928343,9.26902310950809
0,176.120715548314,0.236428845162347,-2.15985713234934
0,182.46399534866,1.88696040797021,-1.30577993781909
0,156.880281652815,0.259714926095388,6.84312426524152
0,160.219088358479,-9.06694214694421,3.2909333474542
0,189.260327026931,-5.45389533149563,7.84745661900307
0,174.919120102062,2.71438945117908,13.2620134487853
0,171.066754201314,-0.558861614003523,10.4579765419497
0,171.984404391259,16.146425984562,6.56950024835023
0,174.388142460104,-2.18044118870439,5.98530923219512
0,174.551924245288,-5.60899979602999,0.513974298686186
0,167.407183097971,-13.9354578558644,12.6600547966882
0,174.807155409781,2.75141784079632,3.40050885345468
0,169.342288695887,-7.83337517003447,10.2792063839895
0,175.044065033114,10.1411322283253,3.28188997596521
0,172.587006403039,-3.09212156556126,-4.9834670819618
0,179.167437749592,-1.57533226500406,1.23204319331487
0,179.555483304881,1.76242215953037,3.98232620921963
0,183.316907737694,-3.07902341283083,-3.25315411920745
0,180.526220999467,5.19958259916769,6.81927381964758
0,175.106612862048,-9.07412113498162,4.52695999067086
0,181.181406404349,1.98046226507173,4.04501733352023
0.00316429481958512,178.903947008888,9.23658037943179,2.96320794762547
0.00210857242396839,176.626854930878,2.8705587108204,-4.83060341715588
0,172.808118842734,8.12116727511707,1.62719325392469
0,176.537302936198,-2.73509302424155,-1.63089352206007
0,176.356033040487,-7.60461227323489,-1.4856098788634
0,189.450486004969,-3.51091371317947,4.84575214497822
0,172.354000477588,0.49841482124074,5.56450928113826
0,200.556567274617,-11.9204686285673,-1.29807613458265
0,183.443462532473,-0.240714807505137,0.567626080164748
0,173.606715113583,12.9771442287834,0.954832354164357
0,166.86494147637,4.45095737395456,7.78171781866327
0,188.332931525013,-14.6278986707566,2.05796867418997
0.00366056541583311,182.315473703669,7.34073461475503,4.70011983469553
0.00914208900873063,163.681979965713,19.19448089905,6.22658606409775
0,177.02054957525,6.79431443059512,-2.27497665523327
0,194.535422346028,-3.28785538157882,-6.97068252835146
0,187.99691965326,5.76211478434436,8.15404090062511
0,183.830870981975,2.69260809528995,-8.03201442151282
0,173.476826596279,-2.04722478963804,2.26493616609849
0,183.748627337969,5.53761518191015,5.12735264042558
0,180.215706025297,2.76404805928305,2.97364475548061
0,191.917723128286,5.29813772072239,-3.58633011370571
0,186.222415378042,-6.27953532002715,0.435495993764579
0,197.173654609309,6.11961781437696,1.25322206744119
0,177.958808807449,-2.17486105080785,8.13014608898069
0,174.062822059415,14.7214833994052,5.35561731098067
0,170.10982384307,0.77018927552401,12.614554139014
0.00191350089780977,178.383505044729,8.41281145375056,-0.638437272776522
0,192.581179508887,-3.25145714622582,-9.76417692955823
0,193.712248737836,-7.34578946494694,-5.12888938205393
0,179.858364409119,19.0586020199198,-2.20670180378702
0,189.708390987186,5.22567681063787,-5.48976901635169
0,171.366052060481,17.473753561162,3.92603441395846
0,184.611190043083,-7.68128994214395,2.95326764174042
0,168.915748271679,7.06028926441439,1.94652287223314
0,166.885100871399,25.2917366951441,-7.37838215989332
0,174.005325478746,-8.03697462215128,6.59866060316008
0,165.199791406304,-5.87863905682598,9.70455212424076
0,159.87731086935,-4.17883873891472,-3.27886421824915
0,175.648071717493,-3.31854857922727,9.36838153018446
0,168.553608729616,-10.6859515245093,9.65329756534974
0,180.693883683517,-2.1671908028914,7.56243947258457
0,188.482277734352,11.1026694921643,2.17314943262611
0,179.278688072761,7.68831211769067,1.32672523832054
0,190.839384219421,-3.1262010096198,4.1873062881002
0,166.398966357212,16.7111608127836,2.41874065142378
0.00135999621144804,190.420871581446,1.54413583156209,2.13378698403145
0,191.05671075614,-0.84376648630103,0.216060963835468
0,187.800062831485,4.72700097987152,7.84264432499036
0,187.069503885552,3.08449143454633,3.18420234997527
0,174.130286875752,-10.7901125021194,-1.4218245320661
0,174.168181370629,-1.32113566515487,6.70047163966696
0,177.509110917841,-0.538032719727928,8.74914945827682
0,173.508930141542,-4.41201786983335,4.56670555473188
0,161.545612269827,-1.18708965260981,7.75913081967828
0.00400534919912218,188.741079477795,0.542595728685721,-4.85226606776084
0,182.58303153519,3.20496958512891,-0.430629099069034
0,181.152870904814,-8.56004639916671,6.05473302216423
0,185.318591523616,-0.507422366414182,10.7106937193068
0,184.730692342792,2.1294903835093,3.19595605818286
0,161.780933561835,5.64572759291488,3.41286756551655
0,161.169000420175,-5.7323212967532,9.20516821625489
0,190.293463090245,6.46571449369294,-9.10400752558715
0,178.936118951193,-7.88318213995284,6.23256917259177
0,172.006616964181,8.3646102805477,-8.25221470953262
0,180.524108290814,3.5395194008258,1.2936945492259
0,185.580564863261,-13.2004474024019,6.01196554475218
0,179.043333848843,-5.4057848199978,-10.8346685048046
0,178.528610637421,-0.586981975689873,11.8320970370167
0,185.961790980072,-6.97266049126718,-2.00103280182904
0,164.232243040488,12.0483336146133,4.81008769352339
0.00170303504386361,186.93582059899,-2.80530680803198,1.54053296390287
0,171.879411130885,-12.3670566693042,7.6855265610473
0,176.36186958813,-13.468726411074,6.7851872499694
0,170.011399232018,-0.394300708271018,3.1850263156513
0,194.52306908015,16.6039949171814,4.92495282810625
0,176.328523496592,-7.39507594643232,7.37479017718014
0,191.918266504792,-6.600238796642,-9.90681444979632
0,170.1183620739,-1.38456127592742,8.99078900626742
0,174.125756204979,4.03128203573082,-3.00041046916684
0,178.163019577926,-17.0752016976369,2.78178328777207
0,191.524980976065,8.73245407857753,-11.8282346623487
0,168.924842545134,1.59615372203205,11.3330508394292
0,182.592180272956,13.532592209064,-1.11828745119456
0,191.383254703927,-6.50606394064435,-5.00635304712185
0,192.175544514118,-3.2393028661289,-1.05130442607096
0,172.771601154993,-6.48722193548137,1.64514144638281
0,180.567084432642,-6.7879786399543,-4.95812689296785
0,170.089418725332,-1.9625764012989,3.51541012729529
0,158.755086391311,12.4313929938249,9.28355878727456
0,184.302523055678,8.97247759800335,-1.51185581163814
0,181.676143746573,-3.38736240155932,-3.22149509906075
0,172.112441121963,0.734307493133948,7.88787117679486
0,162.745989235429,4.43914066664797,6.21049347291885
0,184.947602164196,-3.55088636195321,-4.10938730241961
0,186.884413888344,-15.8335328673837,-2.96598812116826
0,172.130147089738,0.99938419583156,0.500346196587441
0,184.233267250112,4.14720040263933,-7.3753100916796
0,193.891359060255,1.63781204076051,0.799600899417586
0,180.897141961844,8.74719293870478,9.23978578823438
0,183.265385765365,10.082475985915,0.0651725963704138
0,186.328572654754,-1.62373371626619,5.43138392722391
0,162.758084112479,7.65236081822171,11.8329018897171
0,161.993838356406,18.5207676535948,17.0226146630252
0,179.085019313143,-0.841798418790797,4.34501573791868
0,172.317338396091,-5.47517031227385,9.77830333335394
0,181.784257938674,13.9139240285957,-4.01105456773389
0,175.715697393541,-5.93161608421086,-0.714514733392187
0,190.790504399519,-8.9719324403245,0.915123912717001
0,179.004138543543,-13.7963225175347,0.127552841046203
0,160.531398121713,5.32831316601747,14.5813836152756
0,169.726599012678,0.967506765531971,1.82976631500321
0,181.053354474303,2.04052529398716,4.02352619889619
0.0042988845663803,180.046031961546,14.9599694004134,0.37121004675315
0,159.44689334611,2.65825144783607,6.8843914111697
0,176.838296788702,-12.6969889622545,3.52778802654839
0,187.428374302295,-0.286433819670575,4.18946260580433
0,176.891850406521,-0.693447622923092,7.5626046664837
0,176.244079747712,-10.7990938096252,2.28810926623943
0,178.158471174587,-8.46253651939775,8.16870246279243
0,182.515818774622,-6.68546204371955,-0.191895196198123
0,175.859965755766,4.47026689775421,3.46466829018086
0.00180595828678912,178.561119498492,3.81204864942693,2.88821848931647
0,189.139488451665,1.71585702711295,-3.51047509933145
0,176.753565518921,-0.893653727748677,8.60505069649881
0,172.391262933126,-6.45482136508936,-9.88323809209115
0,175.912528883078,2.23710399240333,5.2631920566787
0,184.745139318144,-3.22969841123363,7.64316484473707
0,188.163178931324,-0.310682028404847,-2.93356224296749
0,189.389242786294,-7.58156376861822,1.1864473888431
0,171.210600781775,0.973776979320663,8.58917459390875
0,155.783409678602,5.36022703614774,5.07837446019341
0,171.942796190286,-7.07370505935158,5.93256069467053
0,171.63602658751,-4.07504102287683,-3.53475423862941
0,166.202036071946,-0.666476250550866,3.71159007983366
0,183.076723922595,-1.68670340427114,7.67519538169798
0,178.464181889813,-5.43140253058621,9.65696620282149
0,182.738062298744,-13.0068407463485,-2.00833396410871
0,172.700660755598,-4.55375513081914,6.60499293040899
0,161.813227098883,27.7830486275313,2.77120485192596
0,162.10020969053,9.35866459823507,10.7406817060405
0,193.732966708713,-7.21966452658264,-0.657651861911354
0,189.445062372806,-1.71798490047403,6.64321494341717
0,177.864009239661,6.86594039357738,-1.61949495500755
0,182.14895097033,-2.92662443070021,3.63590703276357
0,169.270640260439,-8.25266668527035,11.0440755506084
0,176.821174729014,13.719898005258,2.6508670435501
0,167.524665151697,-3.16058601977964,2.86634706544664
0,180.17669311211,-7.96771464072452,-1.49864397090336
0,185.218235329414,11.4901708793155,-3.24940861422591
0,170.82894528353,2.08003320380549,5.95983281810159
0,188.303614525934,6.99249083437743,-6.72231481957569
0,186.150530086168,-3.92396017864281,9.78992299345115
0.00412756691167214,192.384706470518,-2.63909209485464,-1.6985253035733
0,179.98818452938,-6.42289374034547,-1.64526110904746
0,173.135426557497,-5.58861132885816,2.36823245225436
0,173.445636278198,1.97154151992133,6.0402928944331
